0
[0, 0, 0, 0, 0, 0]
step
1
[2, -3, -1, 0, 0, 0]
step
2
[8, -11, -5, -2, -2, 0]
step
3
[16, -21, -10, -6, -5, 0]
step
4
[23, -30, -15, -9, -10, 0]
step
5
[27, -35, -17, -13, -15, 0]
step
6
[27, -34, -16, -16, -23, 0]
step
7
[22, -29, -12, -18, -31, 0]
step
8
[18, -22, -8, -21, -39, 0]
step
9
[13, -16, -3, -23, -47, 0]
step
10
[8, -10, 1, -25, -55, 0]
step
11
[4, -6, 6, -27, -62, 0]
step
12
[1, -4, 10, -28, -67, 0]
step
13
[0, -5, 14, -30, -71, 0]
step
14
[-2, -6, 19, -31, -74, 0]
step
15
[-4, -8, 23, -31, -76, 0]
step
16
[-5, -11, 29, -30, -77, 0]
step
17
[-6, -14, 34, -29, -77, 0]
step
18
[-7, -17, 40, -27, -76, 0]
step
19
[-7, -21, 47, -25, -76, 0]
step
20
[-7, -25, 55, -21, -75, 0]
step
21
[-8, -28, 63, -18, -75, 0]
step
22
[-9, -32, 72, -13, -74, 0]
step
23
[-9, -35, 81, -9, -74, 0]
step
24
[-10, -38, 90, -4, -74, 0]
step
25
[-11, -40, 100, 0, -75, 0]
step
26
[-10, -42, 110, 5, -76, 0]
step
27
[-9, -44, 120, 10, -76, 0]
step
28
[-7, -45, 130, 15, -77, 0]
step
29
[-3, -46, 139, 19, -79, 0]
step
30
[0, -46, 147, 22, -80, 0]
step
31
[7, -46, 154, 25, -81, 0]
step
32
[15, -46, 159, 26, -82, 0]
step
33
[26, -45, 163, 26, -84, 0]
step
34
[39, -44, 166, 25, -85, 0]
step
35
[53, -42, 166, 22, -86, 0]
step
36
[69, -41, 166, 19, -88, 0]
step
37
[86, -39, 163, 14, -90, 0]
step
38
[104, -36, 160, 8, -92, 0]
step
39
[123, -34, 156, 0, -94, 0]
step
40
[141, -31, 151, -7, -96, 0]
step
41
[160, -28, 145, -16, -99, 0]
step
42
[177, -24, 139, -25, -101, 0]
step
43
[193, -21, 132, -35, -103, 0]
step
44
[209, -16, 126, -45, -106, 0]
step
45
[222, -12, 119, -56, -108, 0]
step
46
[232, -6, 113, -66, -110, 0]
step
47
[240, -1, 107, -75, -112, 0]
step
48
[243, 3, 102, -84, -114, 0]
step
49
[234, 9, 97, -93, -116, 0]
step
50
[211, 14, 94, -100, -117, 0]
step
51
[182, 19, 92, -106, -118, 0]
step
52
[152, 22, 91, -111, -119, 0]
step
53
[129, 24, 90, -113, -120, 0]
step
54
[120, 25, 90, -114, -120, 0]
Finish Executing
You can start planning!

