0
[0, 0, 0, 0, 0, 0]
1
[2, -3, -1, 0, 0, 0]
2
[7, -12, -5, -1, 0, 0]
3
[15, -23, -10, -3, -2, 0]
4
[21, -34, -15, -5, -4, 0]
5
[26, -42, -18, -7, -7, 0]
6
[26, -45, -18, -9, -11, 0]
7
[22, -44, -15, -10, -17, 0]
8
[18, -41, -12, -11, -23, 0]
9
[13, -37, -8, -12, -30, 0]
10
[9, -32, -3, -13, -38, 0]
11
[6, -29, 1, -14, -45, 0]
12
[4, -25, 6, -15, -53, 0]
13
[4, -23, 11, -17, -60, 0]
14
[6, -22, 15, -18, -67, 0]
15
[8, -21, 20, -20, -73, 0]
16
[12, -21, 25, -21, -79, 0]
17
[16, -22, 29, -23, -84, 0]
18
[22, -23, 34, -25, -88, 0]
19
[27, -25, 38, -26, -92, 0]
20
[34, -27, 43, -28, -96, 0]
21
[42, -29, 47, -30, -99, 0]
22
[50, -30, 52, -32, -102, 0]
23
[60, -32, 56, -33, -105, 0]
24
[70, -33, 61, -35, -107, 0]
25
[81, -34, 65, -38, -109, 0]
26
[93, -34, 69, -40, -111, 0]
27
[106, -35, 73, -42, -112, 0]
28
[119, -35, 76, -45, -113, 0]
29
[132, -35, 79, -47, -114, 0]
30
[146, -35, 82, -50, -115, 0]
31
[161, -34, 85, -53, -116, 0]
32
[175, -33, 87, -56, -117, 0]
33
[190, -32, 89, -59, -117, 0]
34
[204, -31, 91, -62, -118, 0]
35
[218, -29, 92, -65, -118, 0]
36
[232, -27, 93, -69, -118, 0]
37
[245, -24, 94, -72, -118, 0]
38
[257, -22, 94, -75, -119, 0]
39
[269, -19, 94, -79, -119, 0]
40
[278, -15, 94, -82, -119, 0]
41
[287, -12, 93, -86, -119, 0]
42
[293, -9, 92, -89, -119, 0]
43
[297, -5, 91, -93, -119, 0]
44
[299, -1, 91, -96, -119, 0]
45
[298, 1, 89, -99, -119, 0]
46
[294, 5, 89, -102, -120, 0]
47
[286, 9, 88, -104, -120, 0]
48
[275, 12, 87, -107, -120, 0]
49
[254, 15, 86, -109, -120, 0]
50
[223, 18, 87, -111, -120, 0]
51
[187, 21, 87, -112, -120, 0]
52
[154, 23, 88, -114, -120, 0]
53
[130, 25, 89, -114, -120, 0]
54
[120, 25, 89, -114, -120, 0]
