GPMP2 Batch Values
Values with 20 values:
Value v0: (N5Eigen6MatrixIdLin1ELi1ELi0ELin1ELi1EEE) [
 	 6.77296e-08;
    	-1.07963e-07;
    	-5.59171e-08;
    	-2.65448e-08;
    	-1.30975e-08;
    	-1.29931e-24
  ]

Value v1: (N5Eigen6MatrixIdLin1ELi1ELi0ELin1ELi1EEE) [
 	   -0.309951;
    	    0.392852;
    	    0.346577;
    	   -0.639097;
    	   -0.936955;
    	-1.21617e-16
  ]

Value v2: (N5Eigen6MatrixIdLin1ELi1ELi0ELin1ELi1EEE) [
 	    0.146122;
    	   0.0837853;
    	    0.526099;
    	   -0.234523;
    	  -0.0670099;
    	-1.94012e-16
  ]

Value v3: (N5Eigen6MatrixIdLin1ELi1ELi0ELin1ELi1EEE) [
 	  -0.0472532;
    	   -0.250162;
    	    0.484735;
    	    0.327082;
    	   0.0913781;
    	-2.29276e-16
  ]

Value v4: (N5Eigen6MatrixIdLin1ELi1ELi0ELin1ELi1EEE) [
 	   -0.341775;
    	   -0.328702;
    	     0.63899;
    	    0.699985;
    	   0.0250214;
    	-2.42341e-16
  ]

Value v5: (N5Eigen6MatrixIdLin1ELi1ELi0ELin1ELi1EEE) [
 	    0.406172;
    	   0.0105545;
    	    0.786093;
    	    0.594608;
    	    0.162553;
    	-2.42341e-16
  ]

Value v6: (N5Eigen6MatrixIdLin1ELi1ELi0ELin1ELi1EEE) [
 	     1.63279;
    	    0.137782;
    	   -0.235969;
    	   -0.322097;
    	   -0.257354;
    	-2.29276e-16
  ]

Value v7: (N5Eigen6MatrixIdLin1ELi1ELi0ELin1ELi1EEE) [
 	    0.426687;
    	    0.563388;
    	   -0.537848;
    	    -1.04447;
    	   -0.425272;
    	-1.94012e-16
  ]

Value v8: (N5Eigen6MatrixIdLin1ELi1ELi0ELin1ELi1EEE) [
 	     1.20613;
    	    0.200389;
    	   -0.419317;
    	   -0.924585;
    	   -0.287861;
    	-1.21617e-16
  ]

Value v9: (N5Eigen6MatrixIdLin1ELi1ELi0ELin1ELi1EEE) [
 	-5.77776e-07;
    	 2.83362e-08;
    	 2.57035e-08;
    	-1.19706e-08;
    	-3.43943e-09;
    	-1.29931e-24
  ]

Value x0: (N5Eigen6MatrixIdLin1ELi1ELi0ELin1ELi1EEE) [
 	 2.90833e-07;
    	-4.70887e-07;
    	-2.45882e-07;
    	 -7.3976e-08;
    	 3.36442e-09;
    	 8.88178e-16
  ]

Value x1: (N5Eigen6MatrixIdLin1ELi1ELi0ELin1ELi1EEE) [
 	 0.169712;
    	-0.189167;
    	-0.045358;
    	 -0.52826;
    	-0.705809;
    	8.164e-16
  ]

Value x2: (N5Eigen6MatrixIdLin1ELi1ELi0ELin1ELi1EEE) [
 	    0.11045;
    	   0.041433;
    	   0.435379;
    	   -1.08596;
    	   -1.31281;
    	6.37295e-16
  ]

Value x3: (N5Eigen6MatrixIdLin1ELi1ELi0ELin1ELi1EEE) [
 	     0.1389;
    	  -0.132203;
    	   0.959149;
    	   -1.03141;
    	    -1.2327;
    	3.99342e-16
  ]

Value x4: (N5Eigen6MatrixIdLin1ELi1ELi0ELin1ELi1EEE) [
 	 -0.0275734;
    	  -0.455265;
    	    1.57951;
    	  -0.421068;
    	   -1.18786;
    	1.35419e-16
  ]

Value x5: (N5Eigen6MatrixIdLin1ELi1ELi0ELin1ELi1EEE) [
 	   -0.160926;
    	   -0.660814;
    	     2.41368;
    	    0.357331;
    	    -1.06041;
    	-1.35419e-16
  ]

Value x6: (N5Eigen6MatrixIdLin1ELi1ELi0ELin1ELi1EEE) [
 	     1.11577;
    	   -0.547134;
    	     2.81309;
    	     0.58649;
    	    -1.08942;
    	-3.99342e-16
  ]

Value x7: (N5Eigen6MatrixIdLin1ELi1ELi0ELin1ELi1EEE) [
 	     2.42707;
    	    -0.27051;
    	     2.32635;
    	   -0.248123;
    	     -1.5041;
    	-6.37295e-16
  ]

Value x8: (N5Eigen6MatrixIdLin1ELi1ELi0ELin1ELi1EEE) [
 	   2.69284;
    	 0.0999195;
    	    1.7536;
    	  -1.41802;
    	  -1.92382;
    	-8.164e-16
  ]

Value x9: (N5Eigen6MatrixIdLin1ELi1ELi0ELin1ELi1EEE) [
 	     2.10121;
    	    0.448571;
    	      1.5818;
    	    -2.00677;
    	     -2.1012;
    	-8.88178e-16
  ]


Batch GPMP2 optimization complete.
Plan time:
0.0294559001923
Checking for collision.
Batch Exec angle
0
[0, 0, 0, 0, 0, 0]
1
[1, -1, 0, -1, -1, 0]
2
[3, -4, -2, -4, -6, 0]
3
[7, -8, -4, -10, -12, 0]
4
[10, -11, -5, -16, -21, 0]
5
[11, -12, -4, -23, -30, 0]
6
[9, -10, -2, -30, -40, 0]
7
[6, -7, 1, -36, -49, 0]
8
[5, -4, 5, -43, -57, 0]
9
[4, -1, 9, -49, -64, 0]
10
[4, 0, 14, -54, -69, 0]
11
[5, 1, 19, -59, -73, 0]
12
[6, 2, 24, -62, -75, 0]
13
[7, 2, 30, -64, -75, 0]
14
[8, 1, 35, -65, -75, 0]
15
[8, 0, 40, -65, -74, 0]
16
[8, -2, 45, -64, -72, 0]
17
[8, -4, 49, -62, -71, 0]
18
[7, -7, 54, -59, -70, 0]
19
[7, -10, 60, -55, -69, 0]
20
[6, -13, 65, -50, -69, 0]
21
[5, -16, 71, -44, -68, 0]
22
[3, -19, 77, -38, -68, 0]
23
[1, -22, 83, -31, -68, 0]
24
[-1, -26, 90, -24, -68, 0]
25
[-5, -29, 97, -16, -67, 0]
26
[-8, -32, 105, -8, -66, 0]
27
[-11, -34, 113, 0, -65, 0]
28
[-12, -36, 121, 6, -64, 0]
29
[-12, -37, 129, 13, -62, 0]
30
[-9, -37, 138, 20, -60, 0]
31
[-3, -37, 146, 26, -59, 0]
32
[5, -36, 152, 31, -58, 0]
33
[17, -35, 157, 34, -58, 0]
34
[31, -34, 161, 36, -58, 0]
35
[47, -32, 162, 35, -60, 0]
36
[63, -31, 161, 33, -62, 0]
37
[80, -29, 158, 29, -65, 0]
38
[96, -28, 154, 23, -69, 0]
39
[111, -26, 149, 15, -72, 0]
40
[123, -24, 144, 6, -77, 0]
41
[132, -20, 138, -3, -81, 0]
42
[139, -15, 133, -14, -86, 0]
43
[141, -10, 127, -25, -90, 0]
44
[141, -5, 121, -37, -95, 0]
45
[140, -1, 115, -48, -99, 0]
46
[140, 0, 110, -60, -103, 0]
47
[144, 3, 105, -71, -106, 0]
48
[154, 5, 100, -81, -110, 0]
49
[160, 8, 96, -90, -113, 0]
50
[156, 12, 93, -98, -115, 0]
51
[146, 17, 92, -105, -117, 0]
52
[134, 21, 91, -110, -119, 0]
53
[124, 24, 90, -113, -120, 0]
54
[120, 25, 90, -114, -120, 0]
Cost:
0.0
Executing GPMP2 planned trajectory open-loop...
Replan
Replan Goal Conf
[-0.01243727  5.58003262  5.57730676 -5.90105417  0.02378275  1.01484396]
Replan Values Origin
Values with 20 values:
Value v0: (N5Eigen6MatrixIdLin1ELi1ELi0ELin1ELi1EEE) [
 	 8.92447e-08;
    	 -8.3978e-08;
    	-4.85191e-08;
    	-1.49486e-08;
    	-1.81562e-08;
    	-1.06581e-24
  ]

Value v1: (N5Eigen6MatrixIdLin1ELi1ELi0ELin1ELi1EEE) [
 	   -0.412318;
    	    0.653921;
    	     0.07131;
    	   -0.212672;
    	   -0.962476;
    	-1.05266e-16
  ]

Value v2: (N5Eigen6MatrixIdLin1ELi1ELi0ELin1ELi1EEE) [
 	   0.0593274;
    	    0.163621;
    	    0.152629;
    	   -0.154219;
    	   0.0930306;
    	-1.84215e-16
  ]

Value v3: (N5Eigen6MatrixIdLin1ELi1ELi0ELin1ELi1EEE) [
 	    0.136161;
    	  -0.0840509;
    	    0.524089;
    	    0.222548;
    	    0.270042;
    	-2.36848e-16
  ]

Value v4: (N5Eigen6MatrixIdLin1ELi1ELi0ELin1ELi1EEE) [
 	   -0.271137;
    	   0.0991583;
    	     1.21114;
    	    0.641489;
    	   -0.227394;
    	-2.63164e-16
  ]

Value v5: (N5Eigen6MatrixIdLin1ELi1ELi0ELin1ELi1EEE) [
 	   0.0868511;
    	   -0.583317;
    	    0.797373;
    	    0.400392;
    	   -0.282428;
    	-2.63164e-16
  ]

Value v6: (N5Eigen6MatrixIdLin1ELi1ELi0ELin1ELi1EEE) [
 	     1.14981;
    	   -0.207882;
    	   -0.183984;
    	   -0.379845;
    	   -0.166116;
    	-2.36848e-16
  ]

Value v7: (N5Eigen6MatrixIdLin1ELi1ELi0ELin1ELi1EEE) [
 	     1.01152;
    	   -0.129025;
    	   -0.302317;
    	    -1.11182;
    	   -0.233353;
    	-1.84215e-16
  ]

Value v8: (N5Eigen6MatrixIdLin1ELi1ELi0ELin1ELi1EEE) [
 	      1.3578;
    	    0.766867;
    	    -0.57657;
    	   -0.991438;
    	   -0.180716;
    	-1.05266e-16
  ]

Value v9: (N5Eigen6MatrixIdLin1ELi1ELi0ELin1ELi1EEE) [
 	-5.21407e-07;
    	 2.21207e-08;
    	  2.2033e-08;
    	-1.28427e-08;
    	 -2.2028e-09;
    	-1.06581e-24
  ]

Value x0: (N5Eigen6MatrixIdLin1ELi1ELi0ELin1ELi1EEE) [
 	  3.7556e-07;
    	-3.46395e-07;
    	-1.81067e-07;
    	-4.67891e-08;
    	-1.87394e-08;
    	 8.88178e-16
  ]

Value x1: (N5Eigen6MatrixIdLin1ELi1ELi0ELin1ELi1EEE) [
 	   0.324059;
    	  -0.088429;
    	   -0.26282;
    	  -0.208377;
    	  -0.747192;
    	8.27261e-16
  ]

Value x2: (N5Eigen6MatrixIdLin1ELi1ELi0ELin1ELi1EEE) [
 	  0.0877132;
    	   0.259302;
    	  -0.221259;
    	  -0.475884;
    	   -1.22813;
    	6.64002e-16
  ]

Value x3: (N5Eigen6MatrixIdLin1ELi1ELi0ELin1ELi1EEE) [
 	   0.211889;
    	   0.303788;
    	   0.132434;
    	  -0.445251;
    	  -0.966019;
    	4.27641e-16
  ]

Value x4: (N5Eigen6MatrixIdLin1ELi1ELi0ELin1ELi1EEE) [
 	   0.131407;
    	   0.451591;
    	    1.18426;
    	  0.0927075;
    	  -0.978077;
    	1.47421e-16
  ]

Value x5: (N5Eigen6MatrixIdLin1ELi1ELi0ELin1ELi1EEE) [
 	    -0.06313;
    	      0.1618;
    	     2.40598;
    	    0.733335;
    	    -1.30341;
    	-1.47421e-16
  ]

Value x6: (N5Eigen6MatrixIdLin1ELi1ELi0ELin1ELi1EEE) [
 	    0.652354;
    	   -0.329001;
    	     2.68237;
    	    0.774328;
    	    -1.51721;
    	-4.27641e-16
  ]

Value x7: (N5Eigen6MatrixIdLin1ELi1ELi0ELin1ELi1EEE) [
 	     1.99163;
    	    -0.55772;
    	     2.40576;
    	   -0.126186;
    	    -1.74705;
    	-6.64002e-16
  ]

Value x8: (N5Eigen6MatrixIdLin1ELi1ELi0ELin1ELi1EEE) [
 	     2.93484;
    	   -0.207824;
    	     1.87807;
    	    -1.37531;
    	    -1.98895;
    	-8.27261e-16
  ]

Value x9: (N5Eigen6MatrixIdLin1ELi1ELi0ELin1ELi1EEE) [
 	     2.10121;
    	    0.448571;
    	      1.5818;
    	    -2.00677;
    	     -2.1012;
    	-8.88178e-16
  ]


Replan Curr Angle
[-7, -30, 101, -12, -67, 0]
Replan Values After
Values with 20 values:
Value v0: (N5Eigen6MatrixIdLin1ELi1ELi0ELin1ELi1EEE) [
 	 7.52184e-08;
    	-9.69405e-08;
    	-3.43778e-08;
    	-1.54811e-08;
    	-2.94998e-09;
    	-8.40067e-18
  ]

Value v1: (N5Eigen6MatrixIdLin1ELi1ELi0ELin1ELi1EEE) [
 	   -0.325261;
    	  -0.0308741;
    	     1.09446;
    	   -0.223825;
    	   -0.654394;
    	-6.23423e-10
  ]

Value v2: (N5Eigen6MatrixIdLin1ELi1ELi0ELin1ELi1EEE) [
 	   -0.188521;
    	   -0.169878;
    	    0.976645;
    	   -0.245179;
    	   -0.196955;
    	-6.26876e-10
  ]

Value v3: (N5Eigen6MatrixIdLin1ELi1ELi0ELin1ELi1EEE) [
 	    0.321061;
    	    0.355214;
    	    0.478902;
    	   0.0801846;
    	    0.277036;
    	-1.03579e-11
  ]

Value v4: (N5Eigen6MatrixIdLin1ELi1ELi0ELin1ELi1EEE) [
 	  -0.272403;
    	    1.83154;
    	   0.449015;
    	    0.21047;
    	  -0.223781;
    	1.22613e-09
  ]

Value v5: (N5Eigen6MatrixIdLin1ELi1ELi0ELin1ELi1EEE) [
 	   0.406172;
    	  0.0105538;
    	   0.786092;
    	   0.594608;
    	   0.162553;
    	3.08259e-09
  ]

Value v6: (N5Eigen6MatrixIdLin1ELi1ELi0ELin1ELi1EEE) [
 	 0.702582;
    	 0.150341;
    	  1.34786;
    	-0.900416;
    	 0.228159;
    	 0.256882
  ]

Value v7: (N5Eigen6MatrixIdLin1ELi1ELi0ELin1ELi1EEE) [
 	 8.20494;
    	-1.84017;
    	0.201413;
    	 -2.4661;
    	0.469282;
    	 0.34251
  ]

Value v8: (N5Eigen6MatrixIdLin1ELi1ELi0ELin1ELi1EEE) [
 	 2.64142;
    	 0.27309;
    	 1.18744;
    	-1.73802;
    	0.393229;
    	0.256882
  ]

Value v9: (N5Eigen6MatrixIdLin1ELi1ELi0ELin1ELi1EEE) [
 	-4.25313e-06;
    	 2.24188e-06;
    	 1.28036e-08;
    	-2.01869e-08;
    	 4.96635e-09;
    	 3.08259e-09
  ]

Value x0: (N5Eigen6MatrixIdLin1ELi1ELi0ELin1ELi1EEE) [
 	 3.30122e-07;
    	-3.76175e-07;
    	-1.80247e-07;
    	-5.16311e-08;
    	 1.06424e-08;
    	 8.83157e-16
  ]

Value x1: (N5Eigen6MatrixIdLin1ELi1ELi0ELin1ELi1EEE) [
 	   0.297454;
    	  -0.648213;
    	   0.381611;
    	  -0.217898;
    	  -0.356555;
    	-4.0375e-10
  ]

Value x2: (N5Eigen6MatrixIdLin1ELi1ELi0ELin1ELi1EEE) [
 	   0.0335606;
    	   -0.848339;
    	     1.59994;
    	   -0.530383;
    	    -1.02637;
    	-1.15576e-09
  ]

Value x3: (N5Eigen6MatrixIdLin1ELi1ELi0ELin1ELi1EEE) [
 	  0.00410176;
    	   -0.917102;
    	     2.34591;
    	   -0.648299;
    	   -0.835764;
    	-1.56719e-09
  ]

Value x4: (N5Eigen6MatrixIdLin1ELi1ELi0ELin1ELi1EEE) [
 	   -0.077007;
    	    0.693775;
    	     3.02814;
    	   -0.402412;
    	   -0.802887;
    	-9.49164e-10
  ]

Value x5: (N5Eigen6MatrixIdLin1ELi1ELi0ELin1ELi1EEE) [
 	  -0.122568;
    	  -0.538948;
    	    1.76787;
    	  -0.221937;
    	   -1.17261;
    	1.38716e-09
  ]

Value x6: (N5Eigen6MatrixIdLin1ELi1ELi0ELin1ELi1EEE) [
 	0.0247242;
    	 0.185358;
    	  3.18693;
    	-0.372739;
    	 -1.14942;
    	 0.158569
  ]

Value x7: (N5Eigen6MatrixIdLin1ELi1ELi0ELin1ELi1EEE) [
 	  3.81998;
    	0.0994217;
    	   3.9054;
    	 -2.41284;
    	-0.732586;
    	 0.507422
  ]

Value x8: (N5Eigen6MatrixIdLin1ELi1ELi0ELin1ELi1EEE) [
 	  12.6565;
    	  -2.1776;
    	  4.94063;
    	 -4.84197;
    	-0.224046;
    	 0.856275
  ]

Value x9: (N5Eigen6MatrixIdLin1ELi1ELi0ELin1ELi1EEE) [
 	-0.0123711;
    	   5.57999;
    	   5.57731;
    	  -5.90105;
    	 0.0237827;
    	   1.01484
  ]


Replan Exec angle
0
[0, 0, 0, 0, 0, 0]
1
[1, -2, 0, 0, 0, 0]
2
[5, -9, 0, -2, -2, 0]
3
[11, -18, 2, -4, -5, 0]
4
[15, -27, 5, -7, -8, 0]
5
[18, -34, 12, -9, -14, 0]
6
[17, -37, 21, -12, -20, 0]
7
[13, -37, 33, -15, -27, 0]
8
[10, -39, 45, -18, -35, 0]
9
[8, -41, 57, -21, -43, 0]
10
[6, -44, 69, -24, -50, 0]
11
[3, -46, 80, -27, -55, 0]
12
[1, -48, 91, -30, -58, 0]
13
[0, -50, 101, -32, -59, 0]
14
[-1, -52, 109, -34, -59, 0]
15
[-2, -54, 117, -36, -57, 0]
16
[-3, -55, 123, -37, -54, 0]
17
[-2, -55, 129, -37, -51, 0]
18
[0, -52, 134, -37, -47, 0]
19
[2, -45, 140, -35, -45, 0]
20
[3, -33, 146, -33, -43, 0]
21
[2, -18, 154, -31, -42, 0]
22
[0, 0, 161, -28, -43, 0]
23
[-1, 19, 168, -25, -44, 0]
24
[-4, 39, 173, -23, -46, 0]
25
[-7, 47, 170, -21, -49, 0]
26
[-9, 38, 155, -21, -54, 0]
27
[-11, 18, 134, -20, -59, 0]
28
[-11, -4, 114, -20, -64, 0]
29
[-10, -23, 101, -17, -67, 0]
30
[-7, -30, 101, -12, -67, 0]
31
[-4, -27, 111, -7, -66, 0]
32
[-4, -20, 123, -5, -66, 1]
33
[-5, -11, 137, -5, -67, 2]
34
[-5, -1, 152, -7, -67, 4]
35
[-3, 6, 167, -13, -67, 6]
36
[1, 10, 182, -21, -65, 9]
37
[10, 14, 195, -33, -63, 11]
38
[25, 19, 205, -48, -59, 15]
39
[50, 23, 212, -67, -55, 18]
40
[88, 25, 217, -88, -51, 21]
41
[143, 19, 221, -112, -46, 25]
42
[218, 5, 223, -138, -41, 29]
43
[312, -17, 227, -164, -36, 32]
44
[415, -46, 235, -189, -31, 36]
45
[516, -76, 245, -213, -26, 39]
46
[607, -102, 257, -236, -21, 43]
47
[680, -119, 270, -257, -17, 46]
48
[725, -124, 283, -277, -12, 49]
49
[690, -89, 294, -294, -8, 51]
50
[561, -6, 303, -309, -5, 53]
51
[383, 99, 310, -321, -2, 55]
52
[199, 205, 315, -330, 0, 57]
53
[56, 287, 318, -336, 0, 57]
54
[0, 319, 319, -338, 1, 58]

Process finished with exit code 137 (interrupted by signal 9: SIGKILL)

