-52.85,75.94,-43.47,-31.95,-35.93,-0.04
-52.85,75.94,-43.47,-31.95,-35.93,-0.04
-52.85,75.94,-43.47,-31.95,-35.93,-0.04
-52.85,75.94,-43.47,-31.95,-35.93,-0.04
-52.85,75.94,-43.47,-31.95,-35.93,-0.04
-52.85,75.94,-43.47,-31.95,-35.93,-0.04
-52.85,75.94,-43.47,-31.95,-35.93,-0.04
-52.85,75.94,-43.47,-31.95,-35.93,-0.04
-52.85,75.94,-43.47,-31.95,-35.93,-0.04
-52.85,75.94,-43.47,-31.95,-35.93,-0.04
-52.85,75.94,-43.47,-31.95,-35.93,-0.04
-52.85,75.94,-43.47,-31.95,-35.93,-0.04
-52.85,75.94,-43.47,-31.95,-35.93,-0.04
-52.62,75.93,-43.48,-31.95,-36.14,-0.05
-52.09,75.88,-43.51,-31.96,-36.58,-0.06
-52.09,75.88,-43.51,-31.96,-36.58,-0.06
-52.00,75.85,-43.52,-31.95,-36.65,-0.04
-51.88,75.81,-43.52,-31.94,-36.74,-0.02
-51.88,75.81,-43.52,-31.94,-36.74,-0.02
-51.70,75.77,-43.53,-31.92,-36.88,-0.00
-51.44,75.72,-43.55,-31.91,-37.09,0.02
-51.44,75.72,-43.55,-31.91,-37.09,0.02
-51.11,75.67,-43.57,-31.90,-37.36,0.03
-50.75,75.61,-43.59,-31.90,-37.66,0.05
-50.75,75.61,-43.59,-31.90,-37.66,0.05
-50.29,75.54,-43.61,-31.89,-38.04,0.06
-50.29,75.54,-43.61,-31.89,-38.04,0.06
-49.78,75.47,-43.64,-31.88,-38.46,0.07
-49.78,75.47,-43.64,-31.88,-38.46,0.07
-49.25,75.40,-43.67,-31.88,-38.90,0.09
-48.63,75.32,-43.71,-31.87,-39.42,0.10
-48.63,75.32,-43.71,-31.87,-39.42,0.10
-47.84,74.52,-44.17,-31.81,-42.17,0.10
-47.12,73.38,-44.84,-31.72,-45.90,0.10
-46.89,73.30,-44.87,-31.70,-46.15,0.13
-46.89,73.30,-44.87,-31.70,-46.15,0.13
-46.62,73.19,-44.91,-31.68,-46.51,0.15
-46.62,73.19,-44.91,-31.68,-46.51,0.15
-46.35,73.06,-44.97,-31.66,-46.95,0.17
-46.09,72.93,-45.03,-31.64,-47.40,0.19
-46.09,72.93,-45.03,-31.64,-47.40,0.19
-45.81,72.77,-45.11,-31.62,-47.92,0.21
-45.56,72.61,-45.18,-31.60,-48.45,0.23
-45.56,72.61,-45.18,-31.60,-48.45,0.23
-45.33,72.47,-45.26,-31.58,-48.93,0.24
-44.97,72.26,-45.37,-31.57,-49.82,0.26
-44.97,72.26,-45.37,-31.57,-49.82,0.26
-43.24,71.47,-45.80,-31.65,-54.60,0.32
-42.83,71.36,-45.84,-31.64,-55.17,0.35
-42.83,71.36,-45.84,-31.64,-55.17,0.35
-42.54,71.30,-45.86,-31.63,-55.46,0.37
-42.27,71.23,-45.88,-31.63,-55.79,0.39
-42.27,71.23,-45.88,-31.63,-55.79,0.39
-41.98,71.15,-45.92,-31.62,-56.21,0.41
-41.69,71.07,-45.95,-31.61,-56.64,0.43
-41.69,71.07,-45.95,-31.61,-56.64,0.43
-41.45,70.99,-45.98,-31.61,-57.03,0.44
-41.45,70.99,-45.98,-31.61,-57.03,0.44
-41.22,70.91,-46.02,-31.61,-57.42,0.46
-41.22,70.91,-46.02,-31.61,-57.42,0.46
-41.03,70.85,-46.04,-31.60,-57.73,0.47
-40.14,70.09,-46.49,-31.63,-61.24,0.50
-40.14,70.09,-46.49,-31.63,-61.24,0.50
-39.49,69.68,-46.71,-31.63,-63.13,0.53
-39.49,69.68,-46.71,-31.63,-63.13,0.53
-39.25,69.64,-46.72,-31.62,-63.30,0.54
-39.00,69.59,-46.74,-31.61,-63.54,0.56
-39.00,69.59,-46.74,-31.61,-63.54,0.56
-38.75,69.52,-46.77,-31.61,-63.86,0.58
-38.53,69.45,-46.80,-31.60,-64.19,0.59
-38.53,69.45,-46.80,-31.60,-64.19,0.59
-38.32,69.38,-46.83,-31.59,-64.53,0.61
-38.13,69.31,-46.86,-31.59,-64.86,0.62
-38.13,69.31,-46.86,-31.59,-64.86,0.62
-37.98,69.25,-46.89,-31.59,-65.12,0.63
-37.98,69.25,-46.89,-31.59,-65.12,0.63
-37.85,69.20,-46.91,-31.59,-65.32,0.63
-37.72,68.94,-47.04,-31.52,-66.38,0.64
-37.38,68.08,-47.48,-31.28,-69.89,0.66
-37.38,68.08,-47.48,-31.28,-69.89,0.66
-37.12,68.07,-47.48,-31.27,-69.99,0.68
-37.12,68.07,-47.48,-31.27,-69.99,0.68
-36.86,68.03,-47.49,-31.25,-70.17,0.69
-36.64,67.99,-47.50,-31.23,-70.40,0.70
-36.64,67.99,-47.50,-31.23,-70.40,0.70
-36.44,67.93,-47.52,-31.21,-70.66,0.72
-36.24,67.87,-47.54,-31.19,-70.96,0.73
-36.24,67.87,-47.54,-31.19,-70.96,0.73
-36.09,67.81,-47.57,-31.17,-71.22,0.73
-35.96,67.76,-47.59,-31.15,-71.47,0.74
-35.96,67.76,-47.59,-31.15,-71.47,0.74
-35.85,67.71,-47.61,-31.13,-71.67,0.75
-35.85,67.71,-47.61,-31.13,-71.67,0.75
-35.77,67.69,-47.62,-31.12,-71.79,0.75
-36.47,67.12,-48.81,-30.76,-75.62,0.72
-36.47,67.12,-48.81,-30.76,-75.62,0.72
-36.46,66.93,-49.22,-30.63,-76.98,0.72
-36.20,66.92,-49.24,-30.62,-77.11,0.73
-36.20,66.92,-49.24,-30.62,-77.11,0.73
-35.97,66.89,-49.28,-30.61,-77.31,0.74
-35.77,66.85,-49.35,-30.59,-77.58,0.75
-35.77,66.85,-49.35,-30.59,-77.58,0.75
-35.61,66.80,-49.43,-30.57,-77.87,0.76
-35.47,66.74,-49.51,-30.55,-78.16,0.76
-35.47,66.74,-49.51,-30.55,-78.16,0.76
-35.36,66.69,-49.59,-30.53,-78.45,0.77
-35.36,66.69,-49.59,-30.53,-78.45,0.77
-35.27,66.65,-49.65,-30.51,-78.68,0.77
-35.21,66.62,-49.70,-30.49,-78.86,0.77
-34.65,68.73,-49.48,-30.62,-80.91,0.73
-34.65,68.73,-49.48,-30.62,-80.91,0.73
-33.77,71.34,-49.15,-30.79,-83.31,0.69
-33.44,71.42,-49.12,-30.80,-83.36,0.70
-33.44,71.42,-49.12,-30.80,-83.36,0.70
-33.07,71.56,-49.08,-30.81,-83.48,0.70
-33.07,71.56,-49.08,-30.81,-83.48,0.70
-32.71,71.76,-49.04,-30.83,-83.67,0.71
-32.40,71.97,-49.01,-30.84,-83.88,0.71
-32.40,71.97,-49.01,-30.84,-83.88,0.71
-32.07,72.21,-48.98,-30.86,-84.14,0.71
-31.80,72.44,-48.96,-30.88,-84.40,0.71
-31.80,72.44,-48.96,-30.88,-84.40,0.71
-31.58,72.63,-48.96,-30.90,-84.62,0.72
-31.40,72.81,-48.97,-30.92,-84.84,0.72
-31.40,72.81,-48.97,-30.92,-84.84,0.72
-33.56,69.86,-50.47,-29.39,-88.44,0.67
-35.12,67.34,-51.67,-28.12,-91.29,0.65
-35.12,67.34,-51.67,-28.12,-91.29,0.65
-34.84,67.23,-51.69,-28.09,-91.35,0.65
-34.84,67.23,-51.69,-28.09,-91.35,0.65
-34.61,67.05,-51.74,-28.03,-91.49,0.66
-34.43,66.83,-51.82,-27.94,-91.72,0.66
-34.43,66.83,-51.82,-27.94,-91.72,0.66
-34.31,66.60,-51.92,-27.84,-91.96,0.67
-34.21,66.34,-52.03,-27.72,-92.25,0.67
-34.21,66.34,-52.03,-27.72,-92.25,0.67
-34.14,66.08,-52.14,-27.60,-92.55,0.67
-34.14,66.08,-52.14,-27.60,-92.55,0.67
-34.09,65.86,-52.24,-27.48,-92.79,0.67
-34.50,65.20,-52.58,-26.81,-93.71,0.66
-35.30,64.09,-53.13,-25.52,-95.33,0.63
-35.30,64.09,-53.13,-25.52,-95.33,0.63
-34.94,64.08,-53.09,-25.53,-95.27,0.64
-34.60,64.02,-53.07,-25.48,-95.26,0.64
-34.60,64.02,-53.07,-25.48,-95.26,0.64
-34.33,63.92,-53.08,-25.38,-95.32,0.65
-34.11,63.80,-53.11,-25.25,-95.41,0.65
-34.11,63.80,-53.11,-25.25,-95.41,0.65
-33.90,63.65,-53.15,-25.08,-95.55,0.65
-33.90,63.65,-53.15,-25.08,-95.55,0.65
-33.75,63.49,-53.20,-24.88,-95.69,0.65
-33.62,63.33,-53.25,-24.68,-95.84,0.66
-33.62,63.33,-53.25,-24.68,-95.84,0.66
-33.51,63.16,-53.31,-24.46,-95.99,0.66
-34.20,62.29,-53.83,-24.59,-96.02,0.65
-34.20,62.29,-53.83,-24.59,-96.02,0.65
-34.08,62.04,-53.95,-24.73,-95.90,0.66
-33.67,62.04,-53.91,-24.80,-95.79,0.66
-33.67,62.04,-53.91,-24.80,-95.79,0.66
-33.27,61.99,-53.90,-24.87,-95.71,0.67
-32.86,61.89,-53.91,-24.95,-95.65,0.67
-32.86,61.89,-53.91,-24.95,-95.65,0.67
-32.47,61.77,-53.95,-25.02,-95.61,0.68
-32.09,61.62,-54.00,-25.09,-95.59,0.68
-32.09,61.62,-54.00,-25.09,-95.59,0.68
-31.68,61.43,-54.07,-25.17,-95.60,0.69
-31.68,61.43,-54.07,-25.17,-95.60,0.69
-31.30,61.23,-54.14,-25.24,-95.62,0.69
-30.90,61.02,-54.23,-25.31,-95.66,0.69
-30.90,61.02,-54.23,-25.31,-95.66,0.69
-31.13,60.90,-54.30,-25.25,-95.76,0.69
-30.89,60.96,-54.24,-25.28,-95.69,0.69
-30.89,60.96,-54.24,-25.28,-95.69,0.69
-30.45,61.01,-54.17,-25.35,-95.60,0.70
-29.98,61.05,-54.11,-25.42,-95.52,0.70
-29.98,61.05,-54.11,-25.42,-95.52,0.70
-29.45,61.07,-54.05,-25.49,-95.47,0.71
-28.92,61.08,-54.00,-25.56,-95.45,0.71
-28.92,61.08,-54.00,-25.56,-95.45,0.71
-28.37,61.08,-53.96,-25.64,-95.44,0.71
-27.75,61.06,-53.92,-25.71,-95.45,0.72
-27.75,61.06,-53.92,-25.71,-95.45,0.72
-27.14,61.04,-53.89,-25.79,-95.49,0.72
-27.14,61.04,-53.89,-25.79,-95.49,0.72
-26.51,61.01,-53.86,-25.86,-95.54,0.72
-26.92,60.97,-53.92,-25.80,-95.62,0.71
-26.92,60.97,-53.92,-25.80,-95.62,0.71
-26.73,61.03,-53.87,-25.83,-95.55,0.72
-26.31,61.10,-53.79,-25.90,-95.48,0.72
-26.31,61.10,-53.79,-25.90,-95.48,0.72
-25.87,61.16,-53.72,-25.96,-95.43,0.73
-25.36,61.22,-53.65,-26.03,-95.40,0.73
-25.36,61.22,-53.65,-26.03,-95.40,0.73
-24.85,61.28,-53.59,-26.09,-95.39,0.74
-24.33,61.33,-53.52,-26.16,-95.40,0.74
-24.33,61.33,-53.52,-26.16,-95.40,0.74
-23.73,61.38,-53.46,-26.23,-95.44,0.74
-23.73,61.38,-53.46,-26.23,-95.44,0.74
-23.14,61.42,-53.39,-26.30,-95.49,0.74
-22.66,61.45,-53.35,-26.36,-95.56,0.74
-22.66,61.45,-53.35,-26.36,-95.56,0.74
-23.01,61.41,-53.41,-26.30,-95.62,0.74
-22.66,61.48,-53.34,-26.36,-95.55,0.74
-22.66,61.48,-53.34,-26.36,-95.55,0.74
-22.24,61.54,-53.27,-26.42,-95.50,0.75
-21.82,61.61,-53.21,-26.47,-95.47,0.75
-21.82,61.61,-53.21,-26.47,-95.47,0.75
-21.35,61.67,-53.14,-26.53,-95.46,0.75
-20.83,61.74,-53.08,-26.60,-95.47,0.76
-20.83,61.74,-53.08,-26.60,-95.47,0.76
-20.34,61.79,-53.01,-26.66,-95.50,0.76
-20.34,61.79,-53.01,-26.66,-95.50,0.76
-19.79,61.86,-52.95,-26.72,-95.55,0.76
-19.19,61.92,-52.89,-26.79,-95.62,0.76
-19.19,61.92,-52.89,-26.79,-95.62,0.76
-18.72,61.96,-52.84,-26.84,-95.70,0.76
-19.07,61.91,-52.90,-26.79,-95.74,0.75
-19.07,61.91,-52.90,-26.79,-95.74,0.75
-18.75,61.96,-52.84,-26.84,-95.70,0.76
-18.35,62.02,-52.78,-26.89,-95.67,0.76
-18.35,62.02,-52.78,-26.89,-95.67,0.76
-17.95,62.08,-52.73,-26.94,-95.66,0.76
-17.50,62.14,-52.67,-27.00,-95.67,0.77
-17.50,62.14,-52.67,-27.00,-95.67,0.77
-17.01,62.19,-52.61,-27.06,-95.70,0.77
-16.55,62.24,-52.55,-27.11,-95.75,0.77
-16.55,62.24,-52.55,-27.11,-95.75,0.77
-16.01,62.30,-52.50,-27.17,-95.81,0.77
-15.46,62.35,-52.44,-27.23,-95.90,0.77
-15.46,62.35,-52.44,-27.23,-95.90,0.77
-14.92,62.40,-52.39,-27.29,-95.99,0.77
-14.92,62.40,-52.39,-27.29,-95.99,0.77
-14.21,60.91,-52.86,-27.77,-96.35,0.76
-13.43,56.57,-54.32,-29.01,-97.09,0.73
-13.43,56.57,-54.32,-29.01,-97.09,0.73
-13.07,56.59,-54.26,-29.07,-97.07,0.74
-12.64,56.57,-54.17,-29.16,-97.07,0.74
-12.64,56.57,-54.17,-29.16,-97.07,0.74
-12.20,56.50,-54.06,-29.26,-97.08,0.74
-11.73,56.41,-53.94,-29.38,-97.11,0.74
-11.73,56.41,-53.94,-29.38,-97.11,0.74
-11.21,56.29,-53.79,-29.52,-97.15,0.74
-10.71,56.17,-53.62,-29.66,-97.20,0.74
-10.71,56.17,-53.62,-29.66,-97.20,0.74
-10.21,56.04,-53.44,-29.80,-97.24,0.73
-10.21,56.04,-53.44,-29.80,-97.24,0.73
-9.68,55.90,-53.22,-29.95,-97.28,0.73
-10.00,53.01,-54.93,-30.83,-97.41,0.73
-10.00,53.01,-54.93,-30.83,-97.41,0.73
-9.89,52.11,-55.51,-31.14,-97.45,0.73
-9.55,52.18,-55.47,-31.18,-97.47,0.73
-9.55,52.18,-55.47,-31.18,-97.47,0.73
-9.19,52.22,-55.46,-31.22,-97.50,0.73
-8.79,52.22,-55.46,-31.28,-97.56,0.74
-8.79,52.22,-55.46,-31.28,-97.56,0.74
-8.40,52.21,-55.48,-31.35,-97.64,0.74
-7.99,52.18,-55.50,-31.42,-97.73,0.73
-7.99,52.18,-55.50,-31.42,-97.73,0.73
-7.54,52.14,-55.53,-31.50,-97.85,0.73
-7.11,52.10,-55.56,-31.57,-97.98,0.73
-7.11,52.10,-55.56,-31.57,-97.98,0.73
-6.69,51.88,-55.72,-31.71,-98.09,0.73
-6.57,49.67,-57.09,-32.42,-97.89,0.73
-6.57,49.67,-57.09,-32.42,-97.89,0.73
-6.23,49.63,-57.13,-32.49,-97.88,0.73
-6.23,49.63,-57.13,-32.49,-97.88,0.73
-5.83,49.74,-57.08,-32.52,-97.90,0.73
-5.43,49.82,-57.05,-32.57,-97.91,0.73
-5.43,49.82,-57.05,-32.57,-97.91,0.73
-4.96,49.88,-57.04,-32.63,-97.92,0.73
-4.46,49.92,-57.04,-32.71,-97.93,0.73
-4.46,49.92,-57.04,-32.71,-97.93,0.73
-3.97,49.95,-57.04,-32.79,-97.94,0.73
-3.41,49.97,-57.06,-32.89,-97.95,0.72
-3.41,49.97,-57.06,-32.89,-97.95,0.72
-2.82,50.00,-57.07,-32.99,-97.96,0.72
-2.26,50.04,-57.08,-33.09,-97.98,0.72
-2.26,50.04,-57.08,-33.09,-97.98,0.72
-2.29,49.44,-57.48,-33.21,-97.88,0.72
-2.15,49.32,-57.57,-33.23,-97.88,0.72
-2.15,49.32,-57.57,-33.23,-97.88,0.72
-1.80,49.47,-57.50,-33.23,-97.94,0.72
-1.80,49.47,-57.50,-33.23,-97.94,0.72
-1.41,49.59,-57.44,-33.23,-98.00,0.72
-0.97,49.70,-57.40,-33.25,-98.07,0.71
-0.97,49.70,-57.40,-33.25,-98.07,0.71
-0.53,49.78,-57.37,-33.27,-98.14,0.71
-0.06,49.86,-57.35,-33.30,-98.22,0.71
-0.06,49.86,-57.35,-33.30,-98.22,0.71
0.46,49.92,-57.34,-33.33,-98.31,0.71
0.97,49.98,-57.33,-33.36,-98.40,0.70
0.97,49.98,-57.33,-33.36,-98.40,0.70
1.49,50.03,-57.33,-33.40,-98.50,0.70
1.52,49.63,-57.60,-33.50,-98.53,0.70
1.52,49.63,-57.60,-33.50,-98.53,0.70
1.79,49.69,-57.57,-33.50,-98.61,0.70
2.15,49.85,-57.49,-33.49,-98.71,0.69
2.15,49.85,-57.49,-33.49,-98.71,0.69
2.51,49.99,-57.42,-33.49,-98.81,0.69
2.51,49.99,-57.42,-33.49,-98.81,0.69
2.93,50.12,-57.36,-33.49,-98.94,0.69
3.34,50.23,-57.31,-33.50,-99.07,0.69
3.34,50.23,-57.31,-33.50,-99.07,0.69
3.75,50.33,-57.27,-33.51,-99.20,0.68
4.21,50.42,-57.24,-33.52,-99.36,0.68
4.21,50.42,-57.24,-33.52,-99.36,0.68
4.66,50.51,-57.21,-33.54,-99.51,0.67
5.09,50.58,-57.18,-33.56,-99.67,0.67
5.09,50.58,-57.18,-33.56,-99.67,0.67
4.87,50.16,-57.46,-33.65,-99.54,0.67
5.06,50.19,-57.45,-33.66,-99.58,0.67
5.06,50.19,-57.45,-33.66,-99.58,0.67
5.39,50.34,-57.37,-33.65,-99.69,0.67
5.72,50.48,-57.30,-33.64,-99.80,0.67
5.72,50.48,-57.30,-33.64,-99.80,0.67
6.10,50.62,-57.23,-33.64,-99.94,0.66
6.10,50.62,-57.23,-33.64,-99.94,0.66
6.47,50.74,-57.17,-33.64,-100.07,0.66
6.84,50.85,-57.11,-33.64,-100.21,0.66
6.84,50.85,-57.11,-33.64,-100.21,0.66
7.25,50.97,-57.06,-33.65,-100.38,0.65
7.65,51.07,-57.01,-33.65,-100.54,0.65
7.65,51.07,-57.01,-33.65,-100.54,0.65
8.05,51.18,-56.97,-33.66,-100.71,0.64
7.81,50.93,-57.12,-33.70,-100.58,0.65
7.81,50.93,-57.12,-33.70,-100.58,0.65
7.98,51.00,-57.09,-33.70,-100.63,0.64
8.31,51.15,-57.00,-33.68,-100.75,0.64
8.31,51.15,-57.00,-33.68,-100.75,0.64
8.64,51.30,-56.92,-33.67,-100.87,0.64
8.64,51.30,-56.92,-33.67,-100.87,0.64
9.01,51.45,-56.84,-33.66,-101.02,0.63
9.38,51.58,-56.77,-33.65,-101.16,0.63
9.38,51.58,-56.77,-33.65,-101.16,0.63
9.75,51.71,-56.70,-33.64,-101.30,0.63
10.15,51.85,-56.63,-33.64,-101.47,0.62
10.15,51.85,-56.63,-33.64,-101.47,0.62
10.55,51.98,-56.57,-33.63,-101.63,0.62
10.94,52.10,-56.51,-33.63,-101.79,0.61
10.94,52.10,-56.51,-33.63,-101.79,0.61
10.63,51.99,-56.57,-33.63,-101.68,0.62
10.79,52.08,-56.51,-33.62,-101.75,0.61
10.79,52.08,-56.51,-33.62,-101.75,0.61
11.11,52.23,-56.43,-33.61,-101.88,0.61
11.43,52.38,-56.35,-33.59,-102.01,0.61
11.43,52.38,-56.35,-33.59,-102.01,0.61
11.79,52.54,-56.26,-33.57,-102.17,0.60
11.79,52.54,-56.26,-33.57,-102.17,0.60
12.14,52.69,-56.17,-33.56,-102.32,0.60
12.48,52.84,-56.09,-33.54,-102.47,0.59
12.48,52.84,-56.09,-33.54,-102.47,0.59
12.86,53.00,-56.00,-33.52,-102.64,0.59
13.24,53.16,-55.92,-33.51,-102.81,0.58
13.24,53.16,-55.92,-33.51,-102.81,0.58
13.59,53.30,-55.83,-33.49,-102.98,0.58
13.29,53.17,-55.91,-33.51,-102.85,0.58
13.29,53.17,-55.91,-33.51,-102.85,0.58
13.48,53.25,-55.86,-33.50,-102.93,0.58
13.79,53.39,-55.79,-33.48,-103.07,0.58
13.79,53.39,-55.79,-33.48,-103.07,0.58
14.10,53.52,-55.71,-33.47,-103.21,0.57
14.44,53.67,-55.63,-33.46,-103.36,0.57
14.44,53.67,-55.63,-33.46,-103.36,0.57
14.78,53.81,-55.56,-33.44,-103.52,0.56
14.78,53.81,-55.56,-33.44,-103.52,0.56
15.10,53.94,-55.48,-33.43,-103.67,0.56
15.47,54.09,-55.40,-33.41,-103.84,0.55
15.47,54.09,-55.40,-33.41,-103.84,0.55
15.83,54.23,-55.32,-33.40,-104.01,0.55
16.12,54.34,-55.26,-33.39,-104.15,0.54
16.12,54.34,-55.26,-33.39,-104.15,0.54
15.84,54.23,-55.33,-33.40,-104.02,0.55
16.10,54.33,-55.27,-33.39,-104.14,0.54
16.10,54.33,-55.27,-33.39,-104.14,0.54
16.41,54.46,-55.20,-33.37,-104.28,0.54
16.70,54.58,-55.13,-33.36,-104.42,0.54
16.70,54.58,-55.13,-33.36,-104.42,0.54
17.02,54.71,-55.06,-33.35,-104.57,0.53
17.35,54.84,-54.99,-33.34,-104.73,0.53
17.35,54.84,-54.99,-33.34,-104.73,0.53
17.66,54.96,-54.93,-33.32,-104.88,0.52
17.66,54.96,-54.93,-33.32,-104.88,0.52
18.01,55.09,-54.85,-33.31,-105.05,0.52
18.35,55.22,-54.78,-33.30,-105.22,0.51
18.35,55.22,-54.78,-33.30,-105.22,0.51
18.67,55.34,-54.72,-33.29,-105.37,0.51
18.39,55.23,-54.78,-33.30,-105.24,0.51
18.39,55.23,-54.78,-33.30,-105.24,0.51
18.57,55.30,-54.74,-33.29,-105.33,0.51
18.86,55.41,-54.68,-33.28,-105.47,0.51
18.86,55.41,-54.68,-33.28,-105.47,0.51
19.14,55.52,-54.62,-33.27,-105.61,0.50
19.45,55.63,-54.55,-33.26,-105.76,0.50
19.45,55.63,-54.55,-33.26,-105.76,0.50
19.76,55.75,-54.49,-33.25,-105.91,0.49
19.76,55.75,-54.49,-33.25,-105.91,0.49
20.05,55.86,-54.43,-33.24,-106.06,0.49
20.38,55.98,-54.37,-33.22,-106.22,0.48
20.38,55.98,-54.37,-33.22,-106.22,0.48
20.70,56.09,-54.30,-33.21,-106.38,0.48
20.98,56.19,-54.25,-33.20,-106.52,0.47
20.98,56.19,-54.25,-33.20,-106.52,0.47
20.71,56.10,-54.30,-33.21,-106.39,0.48
20.93,56.18,-54.26,-33.21,-106.50,0.47
20.93,56.18,-54.26,-33.21,-106.50,0.47
21.21,56.28,-54.21,-33.20,-106.64,0.47
21.48,56.37,-54.15,-33.19,-106.78,0.46
21.48,56.37,-54.15,-33.19,-106.78,0.46
21.77,56.48,-54.10,-33.18,-106.93,0.46
22.07,56.58,-54.04,-33.17,-107.08,0.46
22.07,56.58,-54.04,-33.17,-107.08,0.46
22.35,56.68,-53.99,-33.16,-107.22,0.45
22.35,56.68,-53.99,-33.16,-107.22,0.45
22.66,56.79,-53.93,-33.15,-107.38,0.45
22.97,56.90,-53.87,-33.14,-107.54,0.44
22.97,56.90,-53.87,-33.14,-107.54,0.44
23.22,56.98,-53.82,-33.13,-107.67,0.44
22.97,56.90,-53.87,-33.14,-107.54,0.44
22.97,56.90,-53.87,-33.14,-107.54,0.44
23.18,56.97,-53.83,-33.13,-107.65,0.44
23.44,57.06,-53.78,-33.12,-107.78,0.43
23.44,57.06,-53.78,-33.12,-107.78,0.43
23.69,57.15,-53.73,-33.11,-107.91,0.43
23.97,57.24,-53.68,-33.10,-108.05,0.42
23.97,57.24,-53.68,-33.10,-108.05,0.42
24.24,57.34,-53.63,-33.09,-108.20,0.42
24.50,57.43,-53.58,-33.09,-108.33,0.42
24.50,57.43,-53.58,-33.09,-108.33,0.42
24.79,57.53,-53.53,-33.08,-108.48,0.41
24.79,57.53,-53.53,-33.08,-108.48,0.41
25.08,57.62,-53.48,-33.07,-108.63,0.41
25.33,57.71,-53.43,-33.06,-108.76,0.40
25.33,57.71,-53.43,-33.06,-108.76,0.40
25.09,57.63,-53.47,-33.07,-108.64,0.41
25.26,57.69,-53.44,-33.06,-108.73,0.40
25.26,57.69,-53.44,-33.06,-108.73,0.40
25.51,57.77,-53.40,-33.05,-108.86,0.40
25.75,57.85,-53.36,-33.05,-108.99,0.40
25.75,57.85,-53.36,-33.05,-108.99,0.40
26.01,57.93,-53.31,-33.04,-109.13,0.39
26.27,58.02,-53.26,-33.03,-109.26,0.39
26.27,58.02,-53.26,-33.03,-109.26,0.39
26.51,58.10,-53.22,-33.02,-109.39,0.38
26.78,58.19,-53.17,-33.02,-109.54,0.38
26.78,58.19,-53.17,-33.02,-109.54,0.38
27.05,58.27,-53.13,-33.01,-109.68,0.37
27.05,58.27,-53.13,-33.01,-109.68,0.37
27.29,58.35,-53.08,-33.00,-109.81,0.37
27.07,58.28,-53.12,-33.01,-109.69,0.37
27.07,58.28,-53.12,-33.01,-109.69,0.37
27.21,58.33,-53.10,-33.00,-109.76,0.37
27.44,58.40,-53.06,-33.00,-109.89,0.37
27.44,58.40,-53.06,-33.00,-109.89,0.37
27.66,58.47,-53.02,-32.99,-110.01,0.36
27.90,58.55,-52.98,-32.98,-110.14,0.36
27.90,58.55,-52.98,-32.98,-110.14,0.36
28.14,58.63,-52.94,-32.98,-110.26,0.35
28.37,58.70,-52.90,-32.97,-110.38,0.35
28.37,58.70,-52.90,-32.97,-110.38,0.35
28.62,58.78,-52.85,-32.96,-110.52,0.35
28.86,58.86,-52.81,-32.96,-110.65,0.34
28.86,58.86,-52.81,-32.96,-110.65,0.34
29.10,58.94,-52.77,-32.95,-110.78,0.34
29.10,58.94,-52.77,-32.95,-110.78,0.34
28.97,58.90,-52.79,-32.95,-110.71,0.34
28.96,58.90,-52.79,-32.95,-110.71,0.34
28.96,58.90,-52.79,-32.95,-110.71,0.34
29.16,58.96,-52.76,-32.95,-110.81,0.34
29.38,59.03,-52.72,-32.94,-110.93,0.33
29.38,59.03,-52.72,-32.94,-110.93,0.33
29.60,59.10,-52.68,-32.93,-111.05,0.33
29.81,59.16,-52.65,-32.93,-111.16,0.33
29.81,59.16,-52.65,-32.93,-111.16,0.33
30.03,59.23,-52.61,-32.92,-111.29,0.32
30.27,59.31,-52.57,-32.92,-111.41,0.32
30.27,59.31,-52.57,-32.92,-111.41,0.32
30.48,59.37,-52.54,-32.91,-111.53,0.31
30.71,59.44,-52.50,-32.90,-111.65,0.31
30.71,59.44,-52.50,-32.90,-111.65,0.31
30.52,59.39,-52.53,-32.91,-111.55,0.31
30.52,59.39,-52.53,-32.91,-111.55,0.31
30.60,59.41,-52.52,-32.91,-111.59,0.31
30.79,59.47,-52.48,-32.90,-111.70,0.31
30.79,59.47,-52.48,-32.90,-111.70,0.31
30.98,59.53,-52.45,-32.90,-111.80,0.30
31.19,59.60,-52.42,-32.89,-111.92,0.30
31.19,59.60,-52.42,-32.89,-111.92,0.30
31.39,59.66,-52.38,-32.88,-112.02,0.30
31.59,59.72,-52.35,-32.88,-112.13,0.29
31.59,59.72,-52.35,-32.88,-112.13,0.29
31.81,59.79,-52.31,-32.87,-112.25,0.29
32.01,59.85,-52.28,-32.87,-112.36,0.29
32.01,59.85,-52.28,-32.87,-112.36,0.29
32.21,59.91,-52.25,-32.86,-112.47,0.28
32.03,59.86,-52.28,-32.87,-112.38,0.29
32.03,59.86,-52.28,-32.87,-112.38,0.29
32.13,59.89,-52.26,-32.86,-112.43,0.28
32.13,59.89,-52.26,-32.86,-112.43,0.28
32.31,59.95,-52.23,-32.86,-112.52,0.28
32.48,60.00,-52.20,-32.85,-112.62,0.28
32.48,60.00,-52.20,-32.85,-112.62,0.28
32.67,60.06,-52.17,-32.85,-112.72,0.27
32.86,60.12,-52.14,-32.84,-112.82,0.27
32.86,60.12,-52.14,-32.84,-112.82,0.27
33.04,60.17,-52.11,-32.84,-112.92,0.27
33.24,60.23,-52.08,-32.83,-113.03,0.26
33.24,60.23,-52.08,-32.83,-113.03,0.26
33.42,60.29,-52.05,-32.83,-113.13,0.26
33.60,60.35,-52.02,-32.82,-113.23,0.26
33.60,60.35,-52.02,-32.82,-113.23,0.26
33.43,60.30,-52.04,-32.83,-113.14,0.26
33.55,60.33,-52.02,-32.82,-113.20,0.26
33.55,60.33,-52.02,-32.82,-113.20,0.26
33.71,60.39,-52.00,-32.82,-113.29,0.26
33.71,60.39,-52.00,-32.82,-113.29,0.26
33.87,60.43,-51.97,-32.82,-113.38,0.25
34.05,60.49,-51.94,-32.81,-113.48,0.25
34.05,60.49,-51.94,-32.81,-113.48,0.25
34.22,60.54,-51.91,-32.81,-113.57,0.25
34.38,60.59,-51.89,-32.80,-113.66,0.24
34.38,60.59,-51.89,-32.80,-113.66,0.24
34.56,60.65,-51.86,-32.80,-113.76,0.24
34.74,60.70,-51.83,-32.79,-113.85,0.24
34.74,60.70,-51.83,-32.79,-113.85,0.24
34.90,60.75,-51.80,-32.79,-113.94,0.24
34.78,60.72,-51.82,-32.79,-113.88,0.24
34.78,60.72,-51.82,-32.79,-113.88,0.24
34.82,60.73,-51.81,-32.79,-113.90,0.24
34.97,60.77,-51.79,-32.79,-113.98,0.23
34.97,60.77,-51.79,-32.79,-113.98,0.23
35.12,60.82,-51.77,-32.78,-114.06,0.23
35.12,60.82,-51.77,-32.78,-114.06,0.23
35.28,60.87,-51.74,-32.78,-114.15,0.23
35.43,60.91,-51.71,-32.77,-114.23,0.23
35.43,60.91,-51.71,-32.77,-114.23,0.23
35.58,60.96,-51.69,-32.77,-114.31,0.22
35.74,61.01,-51.66,-32.77,-114.40,0.22
35.74,61.01,-51.66,-32.77,-114.40,0.22
35.90,61.06,-51.64,-32.76,-114.49,0.22
36.05,61.11,-51.61,-32.76,-114.57,0.21
36.05,61.11,-51.61,-32.76,-114.57,0.21
35.93,61.07,-51.63,-32.76,-114.50,0.22
35.98,61.09,-51.62,-32.76,-114.53,0.22
35.98,61.09,-51.62,-32.76,-114.53,0.22
36.11,61.13,-51.60,-32.75,-114.61,0.21
36.25,61.17,-51.58,-32.75,-114.68,0.21
36.25,61.17,-51.58,-32.75,-114.68,0.21
36.39,61.22,-51.55,-32.75,-114.76,0.21
36.39,61.22,-51.55,-32.75,-114.76,0.21
36.53,61.26,-51.53,-32.74,-114.84,0.21
36.67,61.30,-51.51,-32.74,-114.91,0.20
36.67,61.30,-51.51,-32.74,-114.91,0.20
36.82,61.35,-51.48,-32.74,-114.99,0.20
36.96,61.39,-51.46,-32.73,-115.07,0.20
36.96,61.39,-51.46,-32.73,-115.07,0.20
37.10,61.43,-51.44,-32.73,-115.15,0.20
36.98,61.40,-51.46,-32.73,-115.08,0.20
36.98,61.40,-51.46,-32.73,-115.08,0.20
37.04,61.42,-51.45,-32.73,-115.12,0.20
37.17,61.46,-51.43,-32.73,-115.18,0.19
37.17,61.46,-51.43,-32.73,-115.18,0.19
37.29,61.49,-51.41,-32.72,-115.25,0.19
37.42,61.54,-51.38,-32.72,-115.32,0.19
37.42,61.54,-51.38,-32.72,-115.32,0.19
37.55,61.57,-51.36,-32.72,-115.39,0.19
37.55,61.57,-51.36,-32.72,-115.39,0.19
37.68,61.61,-51.34,-32.71,-115.46,0.19
37.81,61.65,-51.32,-32.71,-115.54,0.18
37.81,61.65,-51.32,-32.71,-115.54,0.18
37.94,61.69,-51.30,-32.71,-115.61,0.18
38.07,61.73,-51.28,-32.70,-115.68,0.18
38.07,61.73,-51.28,-32.70,-115.68,0.18
38.01,61.72,-51.29,-32.70,-115.65,0.18
38.09,61.74,-51.27,-32.70,-115.69,0.18
38.09,61.74,-51.27,-32.70,-115.69,0.18
38.20,61.78,-51.25,-32.70,-115.75,0.18
38.31,61.81,-51.24,-32.69,-115.81,0.17
38.31,61.81,-51.24,-32.69,-115.81,0.17
38.43,61.85,-51.22,-32.69,-115.88,0.17
38.55,61.89,-51.20,-32.69,-115.94,0.17
38.55,61.89,-51.20,-32.69,-115.94,0.17
38.67,61.92,-51.18,-32.69,-116.00,0.17
38.67,61.92,-51.18,-32.69,-116.00,0.17
38.79,61.96,-51.16,-32.68,-116.07,0.17
38.91,61.99,-51.14,-32.68,-116.14,0.16
38.91,61.99,-51.14,-32.68,-116.14,0.16
39.01,62.03,-51.12,-32.68,-116.19,0.16
38.96,62.01,-51.13,-32.68,-116.17,0.16
38.96,62.01,-51.13,-32.68,-116.17,0.16
39.05,62.04,-51.11,-32.67,-116.21,0.16
39.16,62.07,-51.10,-32.67,-116.27,0.16
39.16,62.07,-51.10,-32.67,-116.27,0.16
39.26,62.10,-51.08,-32.67,-116.33,0.16
39.37,62.14,-51.06,-32.67,-116.39,0.16
39.37,62.14,-51.06,-32.67,-116.39,0.16
39.48,62.17,-51.04,-32.66,-116.45,0.15
39.58,62.20,-51.03,-32.66,-116.50,0.15
39.58,62.20,-51.03,-32.66,-116.50,0.15
39.69,62.24,-51.01,-32.66,-116.56,0.15
39.69,62.24,-51.01,-32.66,-116.56,0.15
39.80,62.27,-50.99,-32.65,-116.62,0.15
39.88,62.30,-50.98,-32.65,-116.67,0.15
39.88,62.30,-50.98,-32.65,-116.67,0.15
39.85,62.29,-50.98,-32.65,-116.65,0.15
39.93,62.32,-50.97,-32.65,-116.70,0.15
39.93,62.32,-50.97,-32.65,-116.70,0.15
40.03,62.35,-50.95,-32.65,-116.75,0.14
40.12,62.37,-50.94,-32.65,-116.80,0.14
40.12,62.37,-50.94,-32.65,-116.80,0.14
40.22,62.40,-50.92,-32.64,-116.85,0.14
40.32,62.43,-50.90,-32.64,-116.91,0.14
40.32,62.43,-50.90,-32.64,-116.91,0.14
40.41,62.46,-50.89,-32.64,-116.96,0.14
40.51,62.49,-50.87,-32.63,-117.01,0.14
40.51,62.49,-50.87,-32.63,-117.01,0.14
40.61,62.52,-50.86,-32.63,-117.07,0.13
40.61,62.52,-50.86,-32.63,-117.07,0.13
40.68,62.54,-50.84,-32.63,-117.10,0.13
40.66,62.54,-50.85,-32.63,-117.09,0.13
40.66,62.54,-50.85,-32.63,-117.09,0.13
40.74,62.57,-50.83,-32.63,-117.14,0.13
40.83,62.59,-50.82,-32.63,-117.19,0.13
40.83,62.59,-50.82,-32.63,-117.19,0.13
40.91,62.62,-50.81,-32.62,-117.23,0.13
40.99,62.64,-50.79,-32.62,-117.28,0.13
40.99,62.64,-50.79,-32.62,-117.28,0.13
41.08,62.67,-50.78,-32.62,-117.33,0.13
41.17,62.70,-50.76,-32.62,-117.37,0.12
41.17,62.70,-50.76,-32.62,-117.37,0.12
41.26,62.72,-50.75,-32.61,-117.42,0.12
41.35,62.75,-50.73,-32.61,-117.47,0.12
41.35,62.75,-50.73,-32.61,-117.47,0.12
41.43,62.78,-50.72,-32.61,-117.51,0.12
41.43,62.78,-50.72,-32.61,-117.51,0.12
41.39,62.77,-50.73,-32.61,-117.50,0.12
41.44,62.78,-50.72,-32.61,-117.52,0.12
41.44,62.78,-50.72,-32.61,-117.52,0.12
41.52,62.81,-50.70,-32.61,-117.56,0.12
41.59,62.83,-50.69,-32.61,-117.60,0.12
41.59,62.83,-50.69,-32.61,-117.60,0.12
41.67,62.86,-50.68,-32.60,-117.65,0.11
41.75,62.88,-50.67,-32.60,-117.69,0.11
41.75,62.88,-50.67,-32.60,-117.69,0.11
41.83,62.90,-50.65,-32.60,-117.73,0.11
41.91,62.93,-50.64,-32.60,-117.78,0.11
41.91,62.93,-50.64,-32.60,-117.78,0.11
41.99,62.95,-50.63,-32.59,-117.82,0.11
41.99,62.95,-50.63,-32.59,-117.82,0.11
42.06,62.97,-50.61,-32.59,-117.86,0.11
42.02,62.97,-50.62,-32.59,-117.84,0.11
42.02,62.97,-50.62,-32.59,-117.84,0.11
42.07,62.98,-50.61,-32.59,-117.87,0.11
42.14,63.00,-50.60,-32.59,-117.90,0.11
42.14,63.00,-50.60,-32.59,-117.90,0.11
42.21,63.02,-50.59,-32.59,-117.94,0.11
42.28,63.05,-50.58,-32.59,-117.98,0.10
42.28,63.05,-50.58,-32.59,-117.98,0.10
42.35,63.07,-50.57,-32.58,-118.02,0.10
42.42,63.09,-50.55,-32.58,-118.06,0.10
42.42,63.09,-50.55,-32.58,-118.06,0.10
42.50,63.11,-50.54,-32.58,-118.10,0.10
42.57,63.13,-50.53,-32.58,-118.14,0.10
42.57,63.13,-50.53,-32.58,-118.14,0.10
42.63,63.15,-50.52,-32.58,-118.17,0.10
42.60,63.15,-50.52,-32.58,-118.15,0.10
42.60,63.15,-50.52,-32.58,-118.15,0.10
42.66,63.16,-50.52,-32.58,-118.18,0.10
42.66,63.16,-50.52,-32.58,-118.18,0.10
42.72,63.18,-50.50,-32.57,-118.22,0.10
42.78,63.20,-50.49,-32.57,-118.25,0.10
42.78,63.20,-50.49,-32.57,-118.25,0.10
42.84,63.22,-50.48,-32.57,-118.29,0.09
42.91,63.24,-50.47,-32.57,-118.32,0.09
42.91,63.24,-50.47,-32.57,-118.32,0.09
42.97,63.26,-50.46,-32.57,-118.36,0.09
43.04,63.28,-50.45,-32.57,-118.39,0.09
43.04,63.28,-50.45,-32.57,-118.39,0.09
43.10,63.30,-50.44,-32.56,-118.43,0.09
43.15,63.31,-50.43,-32.56,-118.46,0.09
43.15,63.31,-50.43,-32.56,-118.46,0.09
43.13,63.31,-50.44,-32.56,-118.45,0.09
43.19,63.33,-50.43,-32.56,-118.47,0.09
43.19,63.33,-50.43,-32.56,-118.47,0.09
43.24,63.35,-50.42,-32.56,-118.51,0.09
43.24,63.35,-50.42,-32.56,-118.51,0.09
43.30,63.36,-50.41,-32.56,-118.54,0.09
44.17,63.63,-50.26,-32.53,-119.01,0.07
45.48,64.02,-50.05,-32.50,-119.73,0.05
45.54,64.04,-50.04,-32.50,-119.76,0.05
42.45,62.63,-50.49,-32.66,-118.40,0.04
42.45,62.63,-50.49,-32.66,-118.40,0.04
35.26,59.39,-51.53,-33.05,-115.22,0.04
35.08,59.38,-51.55,-33.08,-115.14,0.05
35.08,59.38,-51.55,-33.08,-115.14,0.05
34.68,59.28,-51.59,-33.11,-114.94,0.06
34.14,59.14,-51.64,-33.14,-114.66,0.07
34.14,59.14,-51.64,-33.14,-114.66,0.07
33.53,58.98,-51.70,-33.17,-114.32,0.08
32.77,58.78,-51.77,-33.19,-113.89,0.08
32.77,58.78,-51.77,-33.19,-113.89,0.08
32.00,58.58,-51.84,-33.21,-113.44,0.09
31.39,58.42,-51.89,-33.22,-113.06,0.09
31.39,58.42,-51.89,-33.22,-113.06,0.09
32.38,58.47,-51.88,-33.23,-113.69,0.08
32.38,58.47,-51.88,-33.23,-113.69,0.08
32.27,58.59,-51.85,-33.26,-113.57,0.09
31.98,58.68,-51.83,-33.29,-113.32,0.11
31.98,58.68,-51.83,-33.29,-113.32,0.11
31.67,58.73,-51.82,-33.32,-113.07,0.12
31.28,58.76,-51.82,-33.36,-112.75,0.13
31.28,58.76,-51.82,-33.36,-112.75,0.13
30.83,58.75,-51.83,-33.41,-112.40,0.15
30.37,58.73,-51.85,-33.45,-112.04,0.16
30.37,58.73,-51.85,-33.45,-112.04,0.16
29.82,58.68,-51.87,-33.50,-111.62,0.17
29.21,58.60,-51.90,-33.56,-111.15,0.18
29.21,58.60,-51.90,-33.56,-111.15,0.18
29.55,58.62,-51.88,-33.51,-111.33,0.16
29.55,58.62,-51.88,-33.51,-111.33,0.16
29.60,58.74,-51.83,-33.51,-111.31,0.17
29.37,58.86,-51.80,-33.52,-111.09,0.18
29.37,58.86,-51.80,-33.52,-111.09,0.18
29.12,58.97,-51.77,-33.54,-110.83,0.20
28.82,59.07,-51.73,-33.56,-110.51,0.21
28.82,59.07,-51.73,-33.56,-110.51,0.21
28.50,59.16,-51.70,-33.57,-110.18,0.22
28.16,59.25,-51.68,-33.58,-109.80,0.23
28.16,59.25,-51.68,-33.58,-109.80,0.23
27.75,59.33,-51.65,-33.59,-109.36,0.24
27.34,59.40,-51.62,-33.60,-108.91,0.25
27.34,59.40,-51.62,-33.60,-108.91,0.25
26.90,59.46,-51.60,-33.61,-108.43,0.26
26.99,59.43,-51.76,-33.60,-108.55,0.25
26.99,59.43,-51.76,-33.60,-108.55,0.25
27.01,59.49,-51.83,-33.60,-108.63,0.25
26.80,59.60,-51.82,-33.62,-108.44,0.26
26.80,59.60,-51.82,-33.62,-108.44,0.26
26.53,59.72,-51.83,-33.63,-108.20,0.27
26.53,59.72,-51.83,-33.63,-108.20,0.27
26.21,59.84,-51.86,-33.65,-107.90,0.28
25.86,59.96,-51.91,-33.66,-107.59,0.29
25.86,59.96,-51.91,-33.66,-107.59,0.29
25.47,60.08,-51.99,-33.67,-107.23,0.30
25.01,60.20,-52.08,-33.68,-106.82,0.31
25.01,60.20,-52.08,-33.68,-106.82,0.31
24.54,60.31,-52.19,-33.69,-106.40,0.32
24.02,60.42,-52.31,-33.70,-105.93,0.33
24.02,60.42,-52.31,-33.70,-105.93,0.33
24.21,60.33,-52.29,-33.69,-106.09,0.32
24.26,60.36,-52.22,-33.69,-106.12,0.32
24.26,60.36,-52.22,-33.69,-106.12,0.32
24.07,60.46,-52.18,-33.71,-105.94,0.33
23.84,60.56,-52.15,-33.72,-105.72,0.34
23.84,60.56,-52.15,-33.72,-105.72,0.34
23.56,60.67,-52.12,-33.74,-105.44,0.35
23.56,60.67,-52.12,-33.74,-105.44,0.35
23.26,60.76,-52.10,-33.75,-105.14,0.36
22.93,60.85,-52.08,-33.76,-104.81,0.37
22.93,60.85,-52.08,-33.76,-104.81,0.37
22.53,60.95,-52.07,-33.77,-104.41,0.38
22.14,61.03,-52.06,-33.77,-104.01,0.38
22.14,61.03,-52.06,-33.77,-104.01,0.38
21.71,61.11,-52.05,-33.78,-103.57,0.39
21.90,60.99,-52.04,-33.77,-103.76,0.38
21.90,60.99,-52.04,-33.77,-103.76,0.38
21.84,61.05,-52.00,-33.78,-103.71,0.39
21.64,61.15,-51.96,-33.79,-103.54,0.40
21.64,61.15,-51.96,-33.79,-103.54,0.40
21.43,61.24,-51.91,-33.80,-103.34,0.40
21.43,61.24,-51.91,-33.80,-103.34,0.40
21.15,61.34,-51.85,-33.82,-103.08,0.41
20.84,61.43,-51.79,-33.83,-102.78,0.42
20.84,61.43,-51.79,-33.83,-102.78,0.42
20.51,61.52,-51.73,-33.83,-102.47,0.43
20.11,61.61,-51.67,-33.84,-102.10,0.43
20.11,61.61,-51.67,-33.84,-102.10,0.43
19.69,61.69,-51.59,-33.85,-101.70,0.44
19.26,61.77,-51.52,-33.85,-101.29,0.44
19.26,61.77,-51.52,-33.85,-101.29,0.44
19.44,61.70,-51.56,-33.84,-101.45,0.44
19.41,61.76,-51.55,-33.85,-101.42,0.44
19.41,61.76,-51.55,-33.85,-101.42,0.44
19.23,61.86,-51.51,-33.86,-101.26,0.45
19.02,61.96,-51.46,-33.87,-101.07,0.46
19.02,61.96,-51.46,-33.87,-101.07,0.46
18.76,62.07,-51.41,-33.88,-100.82,0.47
18.76,62.07,-51.41,-33.88,-100.82,0.47
18.46,62.17,-51.35,-33.89,-100.55,0.47
18.15,62.28,-51.29,-33.90,-100.25,0.48
18.15,62.28,-51.29,-33.90,-100.25,0.48
17.77,62.40,-51.23,-33.91,-99.89,0.48
17.37,62.51,-51.16,-33.91,-99.52,0.49
17.37,62.51,-51.16,-33.91,-99.52,0.49
16.95,62.62,-51.09,-33.91,-99.12,0.49
16.77,62.29,-51.29,-33.92,-98.87,0.49
16.77,62.29,-51.29,-33.92,-98.87,0.49
17.57,60.74,-52.22,-33.93,-99.34,0.48
17.42,60.80,-52.20,-33.95,-99.20,0.49
17.42,60.80,-52.20,-33.95,-99.20,0.49
17.22,60.82,-52.20,-33.96,-99.02,0.50
17.00,60.81,-52.22,-33.99,-98.82,0.51
17.00,60.81,-52.22,-33.99,-98.82,0.51
16.74,60.77,-52.25,-34.01,-98.60,0.51
16.74,60.77,-52.25,-34.01,-98.60,0.51
16.43,60.70,-52.29,-34.04,-98.33,0.52
16.11,60.61,-52.35,-34.07,-98.05,0.52
16.11,60.61,-52.35,-34.07,-98.05,0.52
15.74,60.51,-52.41,-34.11,-97.74,0.53
15.74,60.51,-52.41,-34.11,-97.74,0.53
15.32,60.40,-52.47,-34.15,-97.38,0.53
14.58,60.14,-52.78,-34.17,-96.14,0.52
13.29,59.70,-53.49,-34.16,-93.28,0.49
13.29,59.70,-53.49,-34.16,-93.28,0.49
13.13,59.79,-53.45,-34.17,-93.11,0.50
12.90,59.87,-53.45,-34.18,-92.82,0.50
12.90,59.87,-53.45,-34.18,-92.82,0.50
12.66,59.92,-53.47,-34.19,-92.47,0.51
12.39,59.96,-53.50,-34.19,-92.08,0.51
12.39,59.96,-53.50,-34.19,-92.08,0.51
12.10,59.98,-53.55,-34.19,-91.63,0.51
12.10,59.98,-53.55,-34.19,-91.63,0.51
11.83,60.00,-53.61,-34.19,-91.19,0.52
11.58,60.01,-53.68,-34.19,-90.77,0.52
11.58,60.01,-53.68,-34.19,-90.77,0.52
11.33,60.02,-53.75,-34.18,-90.35,0.52
11.01,59.93,-53.95,-34.01,-89.31,0.51
11.01,59.93,-53.95,-34.01,-89.31,0.51
10.34,59.61,-54.49,-33.44,-86.45,0.49
10.18,59.72,-54.43,-33.44,-86.29,0.50
10.18,59.72,-54.43,-33.44,-86.29,0.50
9.99,59.82,-54.39,-33.42,-86.03,0.50
9.80,59.89,-54.38,-33.38,-85.72,0.51
9.80,59.89,-54.38,-33.38,-85.72,0.51
9.60,59.95,-54.38,-33.34,-85.36,0.51
9.60,59.95,-54.38,-33.34,-85.36,0.51
9.38,60.00,-54.39,-33.29,-84.95,0.51
9.19,60.04,-54.41,-33.23,-84.56,0.51
9.19,60.04,-54.41,-33.23,-84.56,0.51
9.01,60.07,-54.44,-33.18,-84.17,0.51
9.01,60.07,-54.44,-33.18,-84.17,0.51
8.83,60.11,-54.46,-33.13,-83.79,0.51
8.49,60.03,-54.53,-33.12,-82.93,0.51
6.66,59.20,-54.87,-33.34,-78.09,0.47
6.66,59.20,-54.87,-33.34,-78.09,0.47
6.36,59.26,-54.81,-33.36,-77.70,0.47
6.13,59.35,-54.75,-33.38,-77.43,0.47
6.13,59.35,-54.75,-33.38,-77.43,0.47
5.89,59.40,-54.71,-33.40,-77.10,0.48
5.62,59.43,-54.67,-33.42,-76.69,0.48
5.62,59.43,-54.67,-33.42,-76.69,0.48
5.35,59.45,-54.65,-33.44,-76.23,0.48
5.35,59.45,-54.65,-33.44,-76.23,0.48
5.11,59.46,-54.63,-33.46,-75.81,0.48
4.88,59.46,-54.62,-33.47,-75.39,0.48
4.88,59.46,-54.62,-33.47,-75.39,0.48
4.69,59.46,-54.61,-33.48,-75.02,0.48
4.53,59.26,-54.73,-33.16,-73.88,0.47
4.53,59.26,-54.73,-33.16,-73.88,0.47
4.30,58.90,-54.95,-32.44,-71.73,0.45
4.11,59.02,-54.87,-32.43,-71.64,0.45
4.11,59.02,-54.87,-32.43,-71.64,0.45
3.91,59.12,-54.80,-32.39,-71.44,0.45
3.72,59.20,-54.74,-32.33,-71.19,0.45
3.72,59.20,-54.74,-32.33,-71.19,0.45
3.54,59.25,-54.70,-32.25,-70.91,0.46
3.36,59.29,-54.66,-32.15,-70.56,0.46
3.36,59.29,-54.66,-32.15,-70.56,0.46
3.20,59.32,-54.64,-32.04,-70.22,0.46
3.20,59.32,-54.64,-32.04,-70.22,0.46
3.07,59.34,-54.61,-31.93,-69.90,0.45
3.07,59.34,-54.61,-31.93,-69.90,0.45
2.94,59.35,-54.60,-31.80,-69.57,0.45
2.93,59.72,-55.37,-31.88,-68.82,0.45
3.02,60.85,-57.58,-32.37,-67.29,0.43
3.02,60.85,-57.58,-32.37,-67.29,0.43
2.81,61.00,-57.53,-32.40,-67.24,0.43
2.62,61.19,-57.55,-32.44,-67.11,0.43
2.62,61.19,-57.55,-32.44,-67.11,0.43
2.46,61.39,-57.64,-32.48,-66.94,0.43
2.32,61.60,-57.78,-32.52,-66.74,0.43
2.32,61.60,-57.78,-32.52,-66.74,0.43
2.18,61.82,-57.95,-32.56,-66.50,0.43
2.07,62.02,-58.14,-32.60,-66.27,0.43
2.07,62.02,-58.14,-32.60,-66.27,0.43
1.98,62.21,-58.33,-32.63,-66.03,0.43
1.98,62.21,-58.33,-32.63,-66.03,0.43
1.89,62.39,-58.53,-32.65,-65.80,0.43
2.28,62.28,-59.06,-32.80,-65.84,0.43
2.28,62.28,-59.06,-32.80,-65.84,0.43
2.23,62.32,-59.10,-32.87,-65.88,0.43
2.05,62.46,-59.03,-32.91,-65.84,0.43
2.05,62.46,-59.03,-32.91,-65.84,0.43
1.89,62.62,-59.00,-32.96,-65.78,0.44
1.77,62.82,-59.04,-33.03,-65.67,0.44
1.77,62.82,-59.04,-33.03,-65.67,0.44
1.68,63.04,-59.12,-33.12,-65.54,0.44
1.62,63.27,-59.24,-33.21,-65.38,0.44
1.62,63.27,-59.24,-33.21,-65.38,0.44
1.59,63.55,-59.42,-33.33,-65.17,0.44
1.59,63.84,-59.62,-33.46,-64.95,0.44
1.59,63.84,-59.62,-33.46,-64.95,0.44
1.61,64.15,-59.85,-33.59,-64.70,0.44
1.61,64.15,-59.85,-33.59,-64.70,0.44
1.65,64.26,-60.12,-33.71,-64.49,0.44
1.56,63.03,-60.09,-33.58,-64.86,0.44
1.56,63.03,-60.09,-33.58,-64.86,0.44
1.31,63.06,-59.94,-33.58,-64.87,0.44
1.02,63.09,-59.80,-33.60,-64.85,0.45
1.02,63.09,-59.80,-33.60,-64.85,0.45
0.73,63.08,-59.69,-33.62,-64.82,0.45
0.40,63.03,-59.59,-33.65,-64.78,0.45
0.40,63.03,-59.59,-33.65,-64.78,0.45
0.02,62.94,-59.50,-33.69,-64.71,0.45
-0.35,62.83,-59.42,-33.73,-64.64,0.45
-0.35,62.83,-59.42,-33.73,-64.64,0.45
-0.78,62.69,-59.35,-33.78,-64.55,0.45
-0.78,62.69,-59.35,-33.78,-64.55,0.45
-1.24,62.51,-59.29,-33.83,-64.44,0.45
-0.94,62.14,-59.61,-33.81,-64.45,0.45
-0.94,62.14,-59.61,-33.81,-64.45,0.45
-0.91,62.11,-59.63,-33.80,-64.47,0.45
-1.15,62.17,-59.49,-33.80,-64.45,0.45
-1.15,62.17,-59.49,-33.80,-64.45,0.45
-1.42,62.21,-59.37,-33.81,-64.41,0.45
-1.72,62.21,-59.25,-33.82,-64.34,0.45
-1.72,62.21,-59.25,-33.82,-64.34,0.45
-2.03,62.19,-59.16,-33.83,-64.27,0.46
-2.36,62.13,-59.07,-33.85,-64.18,0.46
-2.36,62.13,-59.07,-33.85,-64.18,0.46
-2.73,62.05,-58.99,-33.86,-64.07,0.46
-3.10,61.96,-58.92,-33.88,-63.95,0.46
-3.10,61.96,-58.92,-33.88,-63.95,0.46
-3.49,61.84,-58.85,-33.90,-63.82,0.45
-3.25,61.56,-59.08,-33.89,-63.83,0.45
-3.25,61.56,-59.08,-33.89,-63.83,0.45
-3.25,61.56,-59.07,-33.88,-63.85,0.45
-3.25,61.56,-59.07,-33.88,-63.85,0.45
-3.48,61.64,-58.93,-33.88,-63.82,0.46
-3.73,61.71,-58.80,-33.88,-63.77,0.46
-3.73,61.71,-58.80,-33.88,-63.77,0.46
-4.01,61.75,-58.68,-33.88,-63.69,0.46
-4.29,61.76,-58.58,-33.87,-63.61,0.46
-4.29,61.76,-58.58,-33.87,-63.61,0.46
-4.59,61.76,-58.48,-33.87,-63.50,0.46
-4.93,61.73,-58.39,-33.87,-63.38,0.46
-4.93,61.73,-58.39,-33.87,-63.38,0.46
-5.26,61.69,-58.30,-33.86,-63.24,0.46
-5.60,61.64,-58.23,-33.86,-63.09,0.46
-5.60,61.64,-58.23,-33.86,-63.09,0.46
-5.37,61.67,-58.31,-33.86,-63.14,0.46
-5.52,61.79,-58.18,-33.86,-63.13,0.46
-5.52,61.79,-58.18,-33.86,-63.13,0.46
-5.75,61.92,-58.03,-33.86,-63.08,0.46
-5.75,61.92,-58.03,-33.86,-63.08,0.46
-5.99,62.04,-57.88,-33.86,-63.03,0.46
-6.28,62.18,-57.72,-33.86,-62.94,0.46
-6.28,62.18,-57.72,-33.86,-62.94,0.46
-6.57,62.31,-57.56,-33.86,-62.85,0.46
-6.87,62.44,-57.40,-33.85,-62.74,0.46
-6.87,62.44,-57.40,-33.85,-62.74,0.46
-7.21,62.58,-57.23,-33.85,-62.61,0.46
-7.56,62.72,-57.06,-33.84,-62.46,0.46
-7.56,62.72,-57.06,-33.84,-62.46,0.46
-7.87,62.84,-56.91,-33.84,-62.32,0.46
-7.66,62.73,-57.05,-33.84,-62.37,0.46
-7.66,62.73,-57.05,-33.84,-62.37,0.46
-7.82,62.82,-56.94,-33.84,-62.35,0.46
-7.82,62.82,-56.94,-33.84,-62.35,0.46
-8.04,62.93,-56.80,-33.84,-62.29,0.46
-8.27,63.05,-56.66,-33.84,-62.23,0.46
-8.27,63.05,-56.66,-33.84,-62.23,0.46
-8.54,63.17,-56.51,-33.84,-62.14,0.46
-8.83,63.30,-56.36,-33.83,-62.04,0.46
-8.83,63.30,-56.36,-33.83,-62.04,0.46
-9.11,63.42,-56.21,-33.83,-61.93,0.46
-9.43,63.55,-56.05,-33.83,-61.80,0.46
-9.43,63.55,-56.05,-33.83,-61.80,0.46
-9.77,63.68,-55.89,-33.82,-61.65,0.46
-10.10,63.81,-55.74,-33.82,-61.50,0.45
-10.10,63.81,-55.74,-33.82,-61.50,0.45
-9.92,63.71,-55.86,-33.82,-61.54,0.45
-9.98,63.75,-55.81,-33.82,-61.54,0.46
-9.98,63.75,-55.81,-33.82,-61.54,0.46
-10.19,63.86,-55.68,-33.82,-61.49,0.46
-10.19,63.86,-55.68,-33.82,-61.49,0.46
-10.41,63.97,-55.56,-33.82,-61.42,0.46
-10.67,64.08,-55.42,-33.82,-61.33,0.46
-10.67,64.08,-55.42,-33.82,-61.33,0.46
-10.93,64.19,-55.28,-33.81,-61.23,0.46
-11.20,64.31,-55.15,-33.81,-61.12,0.45
-11.20,64.31,-55.15,-33.81,-61.12,0.45
-11.51,64.43,-55.00,-33.81,-60.98,0.45
-11.82,64.55,-54.86,-33.80,-60.84,0.45
-11.82,64.55,-54.86,-33.80,-60.84,0.45
-12.09,64.45,-54.86,-33.80,-60.70,0.45
-11.59,60.68,-57.19,-33.90,-60.77,0.45
-11.59,60.68,-57.19,-33.90,-60.77,0.45
-11.70,60.29,-57.39,-33.91,-60.74,0.45
-11.70,60.29,-57.39,-33.91,-60.74,0.45
-11.92,60.30,-57.31,-33.92,-60.68,0.45
-12.15,60.27,-57.27,-33.92,-60.61,0.45
-12.15,60.27,-57.27,-33.92,-60.61,0.45
-12.41,60.20,-57.25,-33.92,-60.52,0.45
-12.70,60.09,-57.24,-33.92,-60.42,0.45
-12.70,60.09,-57.24,-33.92,-60.42,0.45
-12.98,59.97,-57.24,-33.93,-60.31,0.45
-13.31,59.83,-57.25,-33.93,-60.18,0.45
-13.31,59.83,-57.25,-33.93,-60.18,0.45
-13.66,59.68,-57.26,-33.94,-60.04,0.45
-14.00,59.55,-57.27,-33.94,-59.90,0.44
-14.00,59.55,-57.27,-33.94,-59.90,0.44
-13.47,57.42,-58.33,-34.55,-59.98,0.44
-13.31,56.63,-58.68,-34.81,-60.00,0.45
-13.31,56.63,-58.68,-34.81,-60.00,0.45
-13.52,56.70,-58.57,-34.83,-59.96,0.45
-13.76,56.72,-58.47,-34.86,-59.91,0.45
-13.76,56.72,-58.47,-34.86,-59.91,0.45
-14.05,56.67,-58.39,-34.92,-59.87,0.44
-14.05,56.67,-58.39,-34.92,-59.87,0.44
-14.36,56.58,-58.32,-34.98,-59.83,0.44
-14.71,56.45,-58.27,-35.05,-59.80,0.44
-14.71,56.45,-58.27,-35.05,-59.80,0.44
-15.11,56.29,-58.21,-35.14,-59.76,0.44
-15.52,56.13,-58.15,-35.22,-59.73,0.44
-15.52,56.13,-58.15,-35.22,-59.73,0.44
-15.90,55.78,-58.22,-35.36,-59.69,0.44
-15.90,55.78,-58.22,-35.36,-59.69,0.44
-14.95,52.71,-60.35,-36.24,-59.63,0.44
-14.99,52.49,-60.48,-36.34,-59.58,0.44
-14.99,52.49,-60.48,-36.34,-59.58,0.44
-15.22,52.57,-60.39,-36.36,-59.55,0.44
-15.48,52.57,-60.35,-36.40,-59.54,0.44
-15.48,52.57,-60.35,-36.40,-59.54,0.44
-15.81,52.51,-60.34,-36.45,-59.55,0.44
-15.81,52.51,-60.34,-36.45,-59.55,0.44
-16.19,52.39,-60.36,-36.53,-59.58,0.44
-16.59,52.24,-60.39,-36.61,-59.62,0.44
-16.59,52.24,-60.39,-36.61,-59.62,0.44
-17.08,52.05,-60.45,-36.70,-59.69,0.43
-17.61,51.84,-60.51,-36.80,-59.77,0.43
-17.61,51.84,-60.51,-36.80,-59.77,0.43
-18.16,51.64,-60.57,-36.90,-59.86,0.43
-18.22,50.82,-61.17,-37.13,-60.10,0.43
-18.22,50.82,-61.17,-37.13,-60.10,0.43
-18.14,50.53,-61.42,-37.22,-60.17,0.43
-18.34,50.70,-61.28,-37.20,-60.14,0.43
-18.34,50.70,-61.28,-37.20,-60.14,0.43
-18.61,50.83,-61.18,-37.20,-60.14,0.43
-18.96,50.90,-61.11,-37.21,-60.17,0.43
-18.96,50.90,-61.11,-37.21,-60.17,0.43
-19.32,50.92,-61.08,-37.24,-60.22,0.43
-19.32,50.92,-61.08,-37.24,-60.22,0.43
-19.76,50.91,-61.08,-37.28,-60.30,0.43
-20.27,50.86,-61.09,-37.33,-60.40,0.43
-20.27,50.86,-61.09,-37.33,-60.40,0.43
-20.79,50.79,-61.12,-37.38,-60.52,0.42
-21.38,50.70,-61.17,-37.45,-60.66,0.42
-21.38,50.70,-61.17,-37.45,-60.66,0.42
-21.49,50.02,-61.62,-37.64,-60.91,0.42
-21.41,49.69,-61.83,-37.73,-60.97,0.42
-21.41,49.69,-61.83,-37.73,-60.97,0.42
-21.59,49.88,-61.68,-37.70,-60.92,0.42
-21.84,50.04,-61.55,-37.69,-60.90,0.42
-21.84,50.04,-61.55,-37.69,-60.90,0.42
-22.16,50.14,-61.45,-37.70,-60.91,0.42
-22.51,50.20,-61.39,-37.71,-60.94,0.42
-22.51,50.20,-61.39,-37.71,-60.94,0.42
-22.93,50.22,-61.34,-37.74,-61.00,0.42
-22.93,50.22,-61.34,-37.74,-61.00,0.42
-23.42,50.21,-61.31,-37.77,-61.09,0.42
-23.92,50.18,-61.30,-37.81,-61.18,0.42
-23.92,50.18,-61.30,-37.81,-61.18,0.42
-24.50,50.12,-61.30,-37.86,-61.31,0.41
-24.71,49.52,-61.73,-38.03,-61.61,0.41
-24.71,49.52,-61.73,-38.03,-61.61,0.41
-24.66,49.14,-62.02,-38.13,-61.77,0.41
-24.81,49.35,-61.87,-38.10,-61.70,0.41
-24.81,49.35,-61.87,-38.10,-61.70,0.41
-25.05,49.52,-61.73,-38.08,-61.67,0.41
-25.35,49.65,-61.63,-38.07,-61.67,0.41
-25.35,49.65,-61.63,-38.07,-61.67,0.41
-25.68,49.73,-61.56,-38.07,-61.71,0.41
-26.09,49.78,-61.51,-38.08,-61.78,0.41
-26.09,49.78,-61.51,-38.08,-61.78,0.41
-26.56,49.81,-61.47,-38.10,-61.88,0.41
-26.56,49.81,-61.47,-38.10,-61.88,0.41
-27.03,49.81,-61.46,-38.13,-62.00,0.41
-27.59,49.79,-61.46,-38.16,-62.14,0.40
-27.59,49.79,-61.46,-38.16,-62.14,0.40
-27.81,49.06,-61.97,-38.36,-62.58,0.40
-27.87,48.89,-62.09,-38.42,-62.67,0.40
-27.87,48.89,-62.09,-38.42,-62.67,0.40
-28.02,49.09,-61.94,-38.38,-62.60,0.40
-28.23,49.27,-61.80,-38.36,-62.56,0.40
-28.23,49.27,-61.80,-38.36,-62.56,0.40
-28.52,49.40,-61.70,-38.35,-62.57,0.40
-28.83,49.49,-61.62,-38.34,-62.61,0.40
-28.83,49.49,-61.62,-38.34,-62.61,0.40
-29.21,49.56,-61.56,-38.35,-62.69,0.40
-29.66,49.60,-61.52,-38.36,-62.81,0.40
-29.66,49.60,-61.52,-38.36,-62.81,0.40
-30.11,49.61,-61.49,-38.38,-62.94,0.40
-30.11,49.61,-61.49,-38.38,-62.94,0.40
-30.61,49.60,-61.48,-38.41,-63.11,0.39
-30.67,49.27,-61.51,-38.48,-63.35,0.39
-30.67,49.27,-61.51,-38.48,-63.35,0.39
-30.73,49.47,-61.33,-38.44,-63.24,0.39
-30.86,49.71,-61.12,-38.39,-63.12,0.39
-30.86,49.71,-61.12,-38.39,-63.12,0.39
-31.01,49.92,-60.93,-38.35,-63.03,0.39
-31.22,50.13,-60.71,-38.31,-62.94,0.39
-31.22,50.13,-60.71,-38.31,-62.94,0.39
-31.47,50.32,-60.49,-38.28,-62.88,0.39
-31.73,50.48,-60.28,-38.26,-62.84,0.39
-31.73,50.48,-60.28,-38.26,-62.84,0.39
-32.04,50.63,-60.05,-38.23,-62.80,0.39
-32.38,50.78,-59.82,-38.21,-62.78,0.38
-32.38,50.78,-59.82,-38.21,-62.78,0.38
-32.72,50.90,-59.60,-38.20,-62.77,0.38
-32.72,50.90,-59.60,-38.20,-62.77,0.38
-32.69,50.79,-59.71,-38.21,-62.81,0.38
-32.57,50.87,-59.72,-38.19,-62.71,0.38
-32.57,50.87,-59.72,-38.19,-62.71,0.38
-32.64,51.11,-59.55,-38.14,-62.55,0.38
-32.74,51.37,-59.36,-38.08,-62.37,0.38
-32.74,51.37,-59.36,-38.08,-62.37,0.38
-32.86,51.63,-59.17,-38.03,-62.19,0.38
-32.98,51.86,-58.99,-37.97,-62.01,0.38
-32.98,51.86,-58.99,-37.97,-62.01,0.38
-33.12,52.11,-58.80,-37.92,-61.81,0.37
-33.28,52.37,-58.60,-37.86,-61.60,0.37
-33.28,52.37,-58.60,-37.86,-61.60,0.37
-33.44,52.60,-58.42,-37.81,-61.41,0.37
-33.62,52.84,-58.23,-37.75,-61.20,0.37
-33.62,52.84,-58.23,-37.75,-61.20,0.37
-33.51,52.62,-58.39,-37.80,-61.35,0.37
-33.51,52.62,-58.39,-37.80,-61.35,0.37
-33.53,52.76,-58.30,-37.78,-61.26,0.37
-33.61,53.00,-58.14,-37.72,-61.08,0.37
-33.61,53.00,-58.14,-37.72,-61.08,0.37
-33.70,53.23,-57.97,-37.68,-60.90,0.37
-33.80,53.49,-57.79,-37.62,-60.69,0.36
-33.80,53.49,-57.79,-37.62,-60.69,0.36
-33.90,53.74,-57.61,-37.57,-60.49,0.36
-34.01,53.99,-57.44,-37.52,-60.28,0.36
-34.01,53.99,-57.44,-37.52,-60.28,0.36
-34.14,54.25,-57.25,-37.46,-60.05,0.36
-34.27,54.51,-57.07,-37.41,-59.82,0.36
-34.27,54.51,-57.07,-37.41,-59.82,0.36
-34.38,54.70,-56.93,-37.36,-59.64,0.35
-34.38,54.70,-56.93,-37.36,-59.64,0.35
-34.30,54.51,-57.07,-37.41,-59.79,0.35
-34.38,54.71,-56.93,-37.36,-59.64,0.35
-34.38,54.71,-56.93,-37.36,-59.64,0.35
-34.47,54.94,-56.77,-37.32,-59.46,0.35
-34.56,55.15,-56.61,-37.27,-59.28,0.35
-34.56,55.15,-56.61,-37.27,-59.28,0.35
-34.67,55.38,-56.45,-37.22,-59.09,0.35
-34.78,55.62,-56.28,-37.17,-58.88,0.35
-34.78,55.62,-56.28,-37.17,-58.88,0.35
-34.89,55.84,-56.12,-37.12,-58.68,0.34
-35.02,56.08,-55.95,-37.07,-58.47,0.34
-35.02,56.08,-55.95,-37.07,-58.47,0.34
-35.16,56.32,-55.78,-37.02,-58.24,0.34
-35.26,56.48,-55.67,-36.99,-58.08,0.34
-35.26,56.48,-55.67,-36.99,-58.08,0.34
-35.19,56.32,-55.78,-37.02,-58.21,0.34
-35.19,56.32,-55.78,-37.02,-58.21,0.34
-35.27,56.51,-55.64,-36.98,-58.05,0.34
-35.37,56.72,-55.49,-36.94,-57.88,0.33
-35.37,56.72,-55.49,-36.94,-57.88,0.33
-35.46,56.92,-55.36,-36.89,-57.71,0.33
-35.57,57.13,-55.21,-36.85,-57.52,0.33
-35.57,57.13,-55.21,-36.85,-57.52,0.33
-35.69,57.35,-55.05,-36.80,-57.32,0.33
-35.80,57.55,-54.91,-36.76,-57.13,0.33
-35.80,57.55,-54.91,-36.76,-57.13,0.33
-35.93,57.76,-54.75,-36.71,-56.92,0.32
-36.07,57.99,-54.59,-36.67,-56.70,0.32
-36.07,57.99,-54.59,-36.67,-56.70,0.32
-36.18,58.16,-54.47,-36.63,-56.52,0.32
-36.10,57.99,-54.59,-36.67,-56.67,0.32
-36.10,57.99,-54.59,-36.67,-56.67,0.32
-36.17,58.15,-54.48,-36.63,-56.54,0.32
-36.26,58.34,-54.34,-36.59,-56.37,0.32
-36.26,58.34,-54.34,-36.59,-56.37,0.32
-36.35,58.51,-54.22,-36.55,-56.21,0.32
-36.35,58.51,-54.22,-36.55,-56.21,0.32
-36.46,58.71,-54.08,-36.51,-56.03,0.31
-36.57,58.90,-53.94,-36.47,-55.85,0.31
-36.57,58.90,-53.94,-36.47,-55.85,0.31
-36.68,59.08,-53.81,-36.43,-55.67,0.31
-36.81,59.28,-53.67,-36.39,-55.47,0.31
-36.81,59.28,-53.67,-36.39,-55.47,0.31
-36.94,59.49,-53.52,-36.34,-55.27,0.31
-37.05,59.65,-53.40,-36.31,-55.09,0.30
-37.05,59.65,-53.40,-36.31,-55.09,0.30
-36.97,59.49,-53.52,-36.34,-55.24,0.30
-37.03,59.62,-53.42,-36.32,-55.12,0.30
-37.03,59.62,-53.42,-36.32,-55.12,0.30
-37.12,59.80,-53.30,-36.28,-54.97,0.30
-37.12,59.80,-53.30,-36.28,-54.97,0.30
-37.21,59.96,-53.19,-36.24,-54.81,0.30
-37.32,60.13,-53.06,-36.21,-54.64,0.30
-37.32,60.13,-53.06,-36.21,-54.64,0.30
-37.43,60.31,-52.93,-36.17,-54.47,0.30
-37.53,60.48,-52.81,-36.13,-54.30,0.29
-37.53,60.48,-52.81,-36.13,-54.30,0.29
-37.66,60.66,-52.68,-36.09,-54.11,0.29
-37.78,60.85,-52.55,-36.05,-53.92,0.29
-37.78,60.85,-52.55,-36.05,-53.92,0.29
-37.91,61.01,-52.42,-36.02,-53.74,0.29
-39.43,60.43,-52.59,-36.08,-54.26,0.29
-39.43,60.43,-52.59,-36.08,-54.26,0.29
-39.91,60.39,-52.56,-36.07,-54.30,0.29
-40.01,60.53,-52.45,-36.04,-54.16,0.29
-40.01,60.53,-52.45,-36.04,-54.16,0.29
-40.13,60.67,-52.35,-36.01,-54.01,0.28
-40.13,60.67,-52.35,-36.01,-54.01,0.28
-40.27,60.81,-52.25,-35.97,-53.86,0.28
-40.40,60.94,-52.15,-35.94,-53.70,0.28
-40.40,60.94,-52.15,-35.94,-53.70,0.28
-40.54,61.07,-52.05,-35.92,-53.54,0.28
-40.69,61.21,-51.95,-35.88,-53.37,0.28
-40.69,61.21,-51.95,-35.88,-53.37,0.28
-40.83,61.34,-51.86,-35.85,-53.19,0.27
-40.97,61.47,-51.76,-35.82,-53.04,0.27
-40.97,61.47,-51.76,-35.82,-53.04,0.27
-41.56,61.74,-51.57,-35.75,-53.41,0.27
-41.72,61.92,-51.44,-35.71,-53.34,0.27
-41.72,61.92,-51.44,-35.71,-53.34,0.27
-41.79,62.07,-51.34,-35.68,-53.18,0.27
-41.85,62.21,-51.24,-35.65,-53.03,0.27
-41.85,62.21,-51.24,-35.65,-53.03,0.27
-41.93,62.37,-51.13,-35.62,-52.86,0.27
-42.01,62.52,-51.02,-35.59,-52.69,0.26
-42.01,62.52,-51.02,-35.59,-52.69,0.26
-42.09,62.67,-50.92,-35.56,-52.53,0.26
-42.09,62.67,-50.92,-35.56,-52.53,0.26
-42.18,62.83,-50.81,-35.52,-52.35,0.26
-42.27,62.98,-50.70,-35.49,-52.16,0.26
-42.27,62.98,-50.70,-35.49,-52.16,0.26
-42.35,63.13,-50.59,-35.46,-51.99,0.26
-42.30,63.01,-50.68,-35.48,-52.13,0.26
-42.30,63.01,-50.68,-35.48,-52.13,0.26
-42.32,63.07,-50.63,-35.47,-52.05,0.26
-42.38,63.20,-50.54,-35.44,-51.91,0.25
-42.38,63.20,-50.54,-35.44,-51.91,0.25
-42.45,63.33,-50.45,-35.42,-51.76,0.25
-42.52,63.47,-50.36,-35.39,-51.60,0.25
-42.52,63.47,-50.36,-35.39,-51.60,0.25
-42.59,63.61,-50.26,-35.36,-51.44,0.25
-42.66,63.74,-50.17,-35.33,-51.28,0.25
-42.66,63.74,-50.17,-35.33,-51.28,0.25
-42.74,63.88,-50.07,-35.30,-51.10,0.24
-42.74,63.88,-50.07,-35.30,-51.10,0.24
-42.83,64.02,-49.97,-35.27,-50.93,0.24
-42.90,64.14,-49.89,-35.25,-50.78,0.24
-42.90,64.14,-49.89,-35.25,-50.78,0.24
-42.84,64.02,-49.97,-35.27,-50.92,0.24
-42.89,64.12,-49.90,-35.25,-50.81,0.24
-42.89,64.12,-49.90,-35.25,-50.81,0.24
-42.95,64.24,-49.82,-35.22,-50.66,0.24
-43.01,64.36,-49.74,-35.20,-50.52,0.24
-43.01,64.36,-49.74,-35.20,-50.52,0.24
-43.09,64.49,-49.65,-35.17,-50.37,0.23
-43.16,64.61,-49.56,-35.15,-50.21,0.23
-43.16,64.61,-49.56,-35.15,-50.21,0.23
-43.23,64.73,-49.48,-35.12,-50.06,0.23
-43.31,64.86,-49.38,-35.09,-49.90,0.23
-43.31,64.86,-49.38,-35.09,-49.90,0.23
-43.40,64.99,-49.29,-35.07,-49.73,0.23
-43.40,64.99,-49.29,-35.07,-49.73,0.23
-43.47,65.11,-49.21,-35.04,-49.58,0.22
-43.42,65.00,-49.28,-35.06,-49.71,0.23
-43.42,65.00,-49.28,-35.06,-49.71,0.23
-43.45,65.07,-49.24,-35.05,-49.63,0.22
-43.51,65.18,-49.16,-35.03,-49.50,0.22
-43.51,65.18,-49.16,-35.03,-49.50,0.22
-43.57,65.29,-49.09,-35.00,-49.37,0.22
-43.64,65.41,-49.00,-34.98,-49.22,0.22
-43.64,65.41,-49.00,-34.98,-49.22,0.22
-43.72,65.52,-48.92,-34.96,-49.08,0.22
-43.78,65.63,-48.85,-34.93,-48.94,0.22
-43.78,65.63,-48.85,-34.93,-48.94,0.22
-43.86,65.75,-48.76,-34.91,-48.78,0.21
-43.94,65.87,-48.68,-34.88,-48.63,0.21
-43.94,65.87,-48.68,-34.88,-48.63,0.21
-44.02,65.98,-48.60,-34.86,-48.48,0.21
-44.02,65.98,-48.60,-34.86,-48.48,0.21
-43.97,65.90,-48.66,-34.87,-48.58,0.21
-43.98,65.93,-48.64,-34.87,-48.55,0.21
-43.98,65.93,-48.64,-34.87,-48.55,0.21
-44.04,66.02,-48.57,-34.85,-48.43,0.21
-44.10,66.12,-48.50,-34.83,-48.30,0.21
-44.10,66.12,-48.50,-34.83,-48.30,0.21
-44.17,66.23,-48.42,-34.80,-48.16,0.20
-44.24,66.33,-48.35,-34.78,-48.04,0.20
-44.24,66.33,-48.35,-34.78,-48.04,0.20
-44.31,66.43,-48.28,-34.76,-47.90,0.20
-44.38,66.54,-48.20,-34.74,-47.75,0.20
-44.38,66.54,-48.20,-34.74,-47.75,0.20
-44.45,66.64,-48.13,-34.72,-47.62,0.20
-44.53,66.75,-48.06,-34.69,-47.48,0.19
-44.53,66.75,-48.06,-34.69,-47.48,0.19
-44.47,66.66,-48.12,-34.71,-47.60,0.20
-44.47,66.66,-48.12,-34.71,-47.60,0.20
-44.50,66.71,-48.08,-34.70,-47.53,0.20
-44.56,66.81,-48.02,-34.68,-47.41,0.19
-44.56,66.81,-48.02,-34.68,-47.41,0.19
-44.62,66.89,-47.96,-34.66,-47.29,0.19
-44.69,66.99,-47.89,-34.64,-47.16,0.19
-44.69,66.99,-47.89,-34.64,-47.16,0.19
-44.75,67.09,-47.82,-34.62,-47.04,0.19
-44.82,67.18,-47.75,-34.60,-46.91,0.19
-44.82,67.18,-47.75,-34.60,-46.91,0.19
-44.89,67.28,-47.68,-34.58,-46.78,0.19
-44.96,67.38,-47.61,-34.56,-46.64,0.18
-44.96,67.38,-47.61,-34.56,-46.64,0.18
-45.03,67.47,-47.55,-34.54,-46.52,0.18
-44.98,67.39,-47.61,-34.56,-46.63,0.18
-44.98,67.39,-47.61,-34.56,-46.63,0.18
-45.01,67.44,-47.57,-34.55,-46.56,0.18
-45.01,67.44,-47.57,-34.55,-46.56,0.18
-45.07,67.52,-47.51,-34.53,-46.45,0.18
-45.13,67.60,-47.45,-34.51,-46.34,0.18
-45.13,67.60,-47.45,-34.51,-46.34,0.18
-45.19,67.69,-47.39,-34.49,-46.22,0.18
-45.26,67.78,-47.33,-34.47,-46.10,0.18
-45.26,67.78,-47.33,-34.47,-46.10,0.18
-45.32,67.86,-47.27,-34.46,-45.99,0.17
-45.39,67.96,-47.20,-34.44,-45.86,0.17
-45.39,67.96,-47.20,-34.44,-45.86,0.17
-45.46,68.05,-47.14,-34.42,-45.73,0.17
-45.52,68.12,-47.09,-34.40,-45.62,0.17
-45.52,68.12,-47.09,-34.40,-45.62,0.17
-45.46,68.05,-47.14,-34.42,-45.73,0.17
-45.51,68.11,-47.10,-34.40,-45.64,0.17
-45.51,68.11,-47.10,-34.40,-45.64,0.17
-45.56,68.19,-47.04,-34.39,-45.54,0.17
-45.56,68.19,-47.04,-34.39,-45.54,0.17
-45.62,68.26,-46.99,-34.37,-45.44,0.17
-45.68,68.34,-46.93,-34.35,-45.32,0.16
-45.68,68.34,-46.93,-34.35,-45.32,0.16
-45.74,68.42,-46.87,-34.34,-45.21,0.16
-45.80,68.50,-46.82,-34.32,-45.10,0.16
-45.80,68.50,-46.82,-34.32,-45.10,0.16
-45.87,68.58,-46.76,-34.30,-44.98,0.16
-45.94,68.67,-46.70,-34.28,-44.86,0.16
-45.94,68.67,-46.70,-34.28,-44.86,0.16
-45.99,68.73,-46.65,-34.27,-44.76,0.16
-45.94,68.67,-46.70,-34.28,-44.86,0.16
-45.94,68.67,-46.70,-34.28,-44.86,0.16
-45.99,68.73,-46.66,-34.27,-44.78,0.16
-46.04,68.80,-46.61,-34.26,-44.68,0.15
-46.04,68.80,-46.61,-34.26,-44.68,0.15
-46.10,68.86,-46.56,-34.24,-44.58,0.15
-46.10,68.86,-46.56,-34.24,-44.58,0.15
-46.16,68.94,-46.51,-34.23,-44.48,0.15
-46.22,69.01,-46.45,-34.21,-44.37,0.15
-46.22,69.01,-46.45,-34.21,-44.37,0.15
-46.28,69.08,-46.41,-34.19,-44.27,0.15
-46.34,69.16,-46.35,-34.18,-44.15,0.15
-46.34,69.16,-46.35,-34.18,-44.15,0.15
-46.41,69.23,-46.30,-34.16,-44.04,0.15
-46.47,69.30,-46.25,-34.15,-43.94,0.14
-46.47,69.30,-46.25,-34.15,-43.94,0.14
-46.43,69.26,-46.28,-34.16,-44.01,0.14
-46.44,69.27,-46.27,-34.15,-43.99,0.14
-46.44,69.27,-46.27,-34.15,-43.99,0.14
-46.50,69.34,-46.23,-34.14,-43.90,0.14
-46.55,69.40,-46.18,-34.13,-43.80,0.14
-46.55,69.40,-46.18,-34.13,-43.80,0.14
-46.61,69.47,-46.13,-34.11,-43.70,0.14
-46.61,69.47,-46.13,-34.11,-43.70,0.14
-46.66,69.53,-46.08,-34.10,-43.61,0.14
-46.72,69.60,-46.04,-34.08,-43.51,0.14
-46.72,69.60,-46.04,-34.08,-43.51,0.14
-46.78,69.67,-45.99,-34.07,-43.40,0.14
-46.84,69.73,-45.94,-34.05,-43.30,0.13
-46.84,69.73,-45.94,-34.05,-43.30,0.13
-46.90,69.79,-45.90,-34.04,-43.21,0.13
-46.88,69.77,-45.92,-34.05,-43.25,0.13
-46.88,69.77,-45.92,-34.05,-43.25,0.13
-46.93,69.82,-45.88,-34.03,-43.17,0.13
-46.98,69.88,-45.83,-34.02,-43.08,0.13
-46.98,69.88,-45.83,-34.02,-43.08,0.13
-47.03,69.94,-45.79,-34.01,-42.99,0.13
-47.09,70.00,-45.75,-33.99,-42.90,0.13
-47.09,70.00,-45.75,-33.99,-42.90,0.13
-47.15,70.06,-45.70,-33.98,-42.80,0.13
-47.15,70.06,-45.70,-33.98,-42.80,0.13
-47.20,70.12,-45.66,-33.97,-42.71,0.12
-47.26,70.19,-45.62,-33.95,-42.62,0.12
-47.26,70.19,-45.62,-33.95,-42.62,0.12
-47.32,70.25,-45.57,-33.94,-42.52,0.12
-47.36,70.30,-45.54,-33.93,-42.45,0.12
-47.36,70.30,-45.54,-33.93,-42.45,0.12
-47.35,70.28,-45.55,-33.93,-42.47,0.12
-47.39,70.33,-45.51,-33.92,-42.39,0.12
-47.39,70.33,-45.51,-33.92,-42.39,0.12
-47.45,70.39,-45.47,-33.91,-42.31,0.12
-47.50,70.44,-45.44,-33.90,-42.23,0.12
-47.50,70.44,-45.44,-33.90,-42.23,0.12
-47.55,70.49,-45.39,-33.89,-42.14,0.12
-47.60,70.55,-45.35,-33.87,-42.05,0.11
-47.60,70.55,-45.35,-33.87,-42.05,0.11
-47.65,70.60,-45.32,-33.86,-41.97,0.11
-47.71,70.66,-45.27,-33.85,-41.88,0.11
-47.71,70.66,-45.27,-33.85,-41.88,0.11
-47.76,70.72,-45.23,-33.84,-41.79,0.11
-47.76,70.72,-45.23,-33.84,-41.79,0.11
-47.81,70.76,-45.20,-33.83,-41.72,0.11
-47.79,70.75,-45.21,-33.83,-41.74,0.11
-47.79,70.75,-45.21,-33.83,-41.74,0.11
-47.84,70.79,-45.18,-33.82,-41.67,0.11
-47.89,70.84,-45.14,-33.81,-41.59,0.11
-47.89,70.84,-45.14,-33.81,-41.59,0.11
-47.93,70.89,-45.11,-33.80,-41.52,0.11
-47.98,70.94,-45.07,-33.79,-41.44,0.10
-47.98,70.94,-45.07,-33.79,-41.44,0.10
-48.03,70.99,-45.04,-33.78,-41.36,0.10
-48.08,71.04,-45.00,-33.77,-41.28,0.10
-48.08,71.04,-45.00,-33.77,-41.28,0.10
-48.13,71.09,-44.97,-33.76,-41.20,0.10
-48.18,71.14,-44.93,-33.75,-41.12,0.10
-48.18,71.14,-44.93,-33.75,-41.12,0.10
-48.23,71.19,-44.89,-33.73,-41.04,0.10
-48.23,71.19,-44.89,-33.73,-41.04,0.10
-48.21,71.17,-44.91,-33.74,-41.07,0.10
-48.24,71.20,-44.89,-33.73,-41.03,0.10
-48.24,71.20,-44.89,-33.73,-41.03,0.10
-48.28,71.24,-44.86,-33.72,-40.96,0.10
-48.32,71.29,-44.83,-33.71,-40.89,0.10
-48.32,71.29,-44.83,-33.71,-40.89,0.10
-48.37,71.33,-44.79,-33.70,-40.82,0.10
-48.41,71.38,-44.76,-33.69,-40.74,0.09
-48.41,71.38,-44.76,-33.69,-40.74,0.09
-48.46,71.42,-44.73,-33.68,-40.67,0.09
-48.51,71.47,-44.69,-33.67,-40.60,0.09
-48.51,71.47,-44.69,-33.67,-40.60,0.09
-48.55,71.51,-44.66,-33.66,-40.53,0.09
-48.55,71.51,-44.66,-33.66,-40.53,0.09
-48.59,71.55,-44.63,-33.65,-40.46,0.09
-48.57,71.54,-44.64,-33.66,-40.49,0.09
-48.57,71.54,-44.64,-33.66,-40.49,0.09
-48.61,71.57,-44.62,-33.65,-40.44,0.09
-48.65,71.61,-44.59,-33.64,-40.37,0.09
-48.65,71.61,-44.59,-33.64,-40.37,0.09
-48.68,71.65,-44.56,-33.63,-40.31,0.09
-48.73,71.69,-44.53,-33.63,-40.24,0.09
-48.73,71.69,-44.53,-33.63,-40.24,0.09
-48.77,71.73,-44.50,-33.62,-40.18,0.08
-48.81,71.77,-44.48,-33.61,-40.11,0.08
-48.81,71.77,-44.48,-33.61,-40.11,0.08
-48.85,71.81,-44.45,-33.60,-40.05,0.08
-48.89,71.85,-44.42,-33.59,-39.98,0.08
-48.89,71.85,-44.42,-33.59,-39.98,0.08
-48.93,71.89,-44.39,-33.58,-39.92,0.08
-48.92,71.88,-44.40,-33.58,-39.94,0.08
-48.92,71.88,-44.40,-33.58,-39.94,0.08
-48.94,71.90,-44.38,-33.58,-39.91,0.08
-48.94,71.90,-44.38,-33.58,-39.91,0.08
-48.97,71.94,-44.36,-33.57,-39.85,0.08
-49.01,71.97,-44.33,-33.56,-39.79,0.08
-49.01,71.97,-44.33,-33.56,-39.79,0.08
-49.05,72.01,-44.30,-33.56,-39.73,0.08
-49.09,72.05,-44.28,-33.55,-39.67,0.08
-49.09,72.05,-44.28,-33.55,-39.67,0.08
-49.12,72.08,-44.25,-33.54,-39.61,0.08
-49.16,72.12,-44.22,-33.53,-39.55,0.07
-49.16,72.12,-44.22,-33.53,-39.55,0.07
-49.20,72.16,-44.20,-33.52,-39.49,0.07
-49.24,72.19,-44.17,-33.52,-39.44,0.07
-49.24,72.19,-44.17,-33.52,-39.44,0.07
-49.22,72.18,-44.18,-33.52,-39.46,0.07
-49.25,72.20,-44.17,-33.51,-39.42,0.07
-49.25,72.20,-44.17,-33.51,-39.42,0.07
-49.28,72.24,-44.14,-33.51,-39.37,0.07
-49.28,72.24,-44.14,-33.51,-39.37,0.07
-49.31,72.27,-44.12,-33.50,-39.32,0.07
-49.35,72.30,-44.09,-33.49,-39.26,0.07
-49.35,72.30,-44.09,-33.49,-39.26,0.07
-49.38,72.33,-44.07,-33.48,-39.21,0.07
-49.41,72.37,-44.05,-33.48,-39.16,0.07
-49.41,72.37,-44.05,-33.48,-39.16,0.07
-49.45,72.40,-44.02,-33.47,-39.10,0.07
-49.48,72.43,-44.00,-33.46,-39.04,0.07
-49.48,72.43,-44.00,-33.46,-39.04,0.07
-49.51,72.46,-43.98,-33.46,-39.00,0.07
-49.50,72.45,-43.98,-33.46,-39.02,0.07
-49.50,72.45,-43.98,-33.46,-39.02,0.07
-49.53,72.48,-43.97,-33.45,-38.98,0.07
-49.56,72.51,-43.94,-33.45,-38.93,0.07
-49.56,72.51,-43.94,-33.45,-38.93,0.07
